10001	1678701
10002	754401
10003	1211501
10004	1248301
10005	963601
10007	1861101
10009	1001001
10013	2177101
10025	782501
10027	768301
10029	605101
10030	600801
10031	492501
10036	927901
10280	698301
10301	411901
10302	349901
10303	316301
10304	391401
10305	389701
10306	421501
10307	465701
10308	416801
10309	461101
10310	397501
10312	425301
10314	389501
10456	276801
10459	329101
10462	118301
10463	527401
10464	510401
10465	424601
10466	393001
10467	349501
10469	400501
10471	832301
10473	350001
10502	631701
10504	1160101
10506	1165701
10507	617101
10509	351501
10510	758901
10512	317101
10514	1068201
10516	441801
10518	657901
10520	525101
10522	618601
10523	460201
10524	475401
10526	612401
10528	1110101
10530	542601
10532	495601
10533	740001
10536	765101
10537	260901
10538	1055801
10541	383401
10543	660901
10546	666501
10547	363701
10548	366701
10549	671801
10550	381501
10552	551001
10553	425801
10560	663601
10562	415601
10566	334201
10567	412501
10570	651601
10573	555301
10576	1069501
10577	1825901
10579	388901
10580	1310101
10583	990301
10588	394901
10589	452301
10590	707901
10591	535701
10594	579401
10595	543301
10598	430901
10601	357901
10603	438201
10604	637001
10605	674801
10606	485701
10607	521601
10701	425601
10703	401201
10704	425201
10705	464601
10706	712801
10707	545301
10708	764701
10709	608601
10710	484601
10801	524301
10803	740701
10804	750401
10805	516101
10901	357001
10913	481801
10916	351601
10917	351401
10918	309801
10920	432301
10921	285301
10923	368101
10924	324501
10925	268901
10926	267301
10928	269201
10930	333901
10940	220401
10941	272301
10950	287201
10954	392601
10956	502901
10958	280201
10960	529001
10962	471001
10963	252301
10964	650501
10965	443301
10968	706601
10970	441301
10973	293801
10974	284101
10980	394901
10983	481001
10984	408901
10986	446701
10987	541701
10989	404001
10990	333501
10992	307301
10993	277101
10994	500901
10998	317201
11001	476401
11003	375401
11004	515801
11010	415501
11020	900401
11021	891101
11023	892301
11024	1836901
11030	1222601
11040	530001
11050	729501
11096	389401
11101	653501
11103	581101
11105	565901
11106	367301
11201	596601
11203	434001
11204	574001
11205	451201
11207	365301
11208	423701
11209	717601
11210	585701
11211	541401
11212	378301
11214	476501
11215	669001
11216	377701
11217	670701
11218	660701
11220	492901
11221	497601
11222	462601
11224	381201
11225	707301
11226	557401
11228	624401
11229	528901
11230	739601
11231	582901
11232	431901
11234	482101
11235	543301
11236	425701
11238	483701
11249	504401
11354	425901
11355	425101
11356	500301
11357	676101
11358	631701
11360	601801
11361	641701
11362	737301
11363	904201
11364	665301
11365	619201
11366	627501
11367	513501
11368	347901
11369	535101
11370	524101
11372	369601
11373	355101
11374	565601
11375	680001
11377	548701
11378	539501
11379	551701
11385	470501
11411	422401
11412	410001
11413	421101
11414	597101
11415	453901
11416	393001
11417	419701
11418	437201
11419	425901
11420	429401
11421	414401
11422	420701
11423	469101
11426	481001
11427	484501
11428	434201
11429	423301
11432	619301
11433	401401
11434	382201
11435	439101
11436	395601
11501	434901
11507	543801
11509	897201
11510	392101
11514	441601
11516	578001
11518	439501
11520	372101
11530	711201
11542	510101
11545	893201
11550	363601
11552	404001
11553	358701
11554	401101
11557	584801
11558	441701
11559	1015501
11560	724501
11561	491401
11563	410201
11565	428401
11566	480001
11568	2166901
11569	799901
11570	615601
11572	449701
11575	364501
11576	920501
11577	773801
11579	626701
11580	385701
11581	423801
11590	422601
11596	516601
11598	638701
11691	421501
11692	332401
11693	318401
11694	775801
11701	350101
11702	418701
11703	357901
11704	355701
11705	442701
11706	338901
11709	522701
11710	429701
11713	322801
11714	402301
11716	413001
11717	336501
11718	504401
11719	376601
11720	348501
11721	551101
11722	325001
11724	1248801
11725	451801
11726	332401
11727	317801
11729	366901
11730	420301
11731	458701
11732	586201
11733	526101
11735	378101
11738	349901
11739	625101
11740	508401
11741	377101
11742	363501
11743	573501
11746	476401
11747	575201
11749	351701
11751	380201
11752	365801
11753	714901
11754	425001
11755	413601
11756	350301
11757	340701
11758	430301
11762	419901
11763	313201
11764	428401
11766	425601
11767	436701
11768	632601
11769	420701
11771	815101
11772	313601
11776	350101
11777	496101
11778	307101
11779	338701
11780	477801
11782	415701
11783	416301
11784	319601
11786	456801
11787	474001
11788	472201
11789	293101
11790	436401
11791	598601
11792	462301
11793	421101
11795	418001
11796	390401
11797	912001
11798	310901
11801	394801
11803	495501
11804	527601
11901	345301
11932	1821601
11933	385501
11934	380001
11935	676301
11937	997501
11939	613101
11940	392001
11941	422101
11942	610401
11944	451601
11946	474801
11948	521201
11949	413901
11950	270801
11951	226801
11952	537001
11953	290901
11954	813601
11955	301401
11957	832301
11958	709001
11959	1330501
11960	1251301
11961	274201
11967	276401
11971	591501
11976	2112701
11977	781401
11980	294401
12009	213701
12018	225301
12019	253001
12020	213301
12023	156401
12025	140401
12027	226701
12032	166101
12033	207501
12043	120501
12047	164901
12053	182401
12054	251701
12057	153701
12059	176701
12061	232401
12062	185201
12065	252901
12066	123601
12074	192001
12076	117801
12077	269001
12078	83601
12084	250901
12090	127901
12093	128701
12094	174501
12095	95901
12110	218701
12116	126501
12117	134901
12118	212501
12121	177201
12122	104901
12123	174201
12134	175301
12137	167501
12138	159901
12140	190701
12143	171401
12144	170201
12148	310501
12149	114801
12154	179401
12157	129601
12158	196201
12159	346601
12168	173401
12170	183801
12180	167301
12182	150901
12185	162401
12186	236701
12188	194901
12189	158801
12196	224201
12197	90801
12198	174401
12202	92801
12203	182901
12204	171501
12205	177001
12206	113301
12208	184901
12209	159801
12210	128201
12211	283101
12302	175401
12303	170201
12304	123501
12306	156001
12308	127101
12309	227601
12401	183001
12404	242801
12409	309401
12428	152101
12429	193101
12440	239001
12443	220201
12446	184701
12449	188701
12458	148101
12461	255501
12466	210601
12472	199301
12477	200301
12481	236901
12484	260201
12486	215701
12487	215101
12491	234601
12498	304001
12518	314501
12520	308501
12525	283801
12528	250301
12542	267901
12543	190801
12547	269401
12549	289901
12550	242701
12553	266101
12561	283501
12563	306601
12566	236701
12575	326701
12577	318701
12586	245601
12589	265301
12729	192801
12740	177701
12771	183401
12780	209501
12801	132401
12803	163101
12804	201301
12809	136501
12814	480601
12815	244101
12816	163301
12817	251401
12822	143801
12824	367101
12828	120601
12831	223601
12832	114601
12833	217101
12834	160701
12835	167201
12836	321901
12839	123101
12845	285701
12846	175401
12850	204401
12859	225401
12865	131901
12866	279501
12870	207601
12871	162601
12883	115201
12885	143301
12887	87801
12901	127201
12903	121801
12910	67901
12912	85501
12918	102301
12919	89001
12920	72401
12921	122901
12928	102601
12932	118201
12935	81901
12937	55901
12941	137601
12942	252901
12944	81401
12946	233201
12953	67201
12958	79601
12962	129101
12972	134101
12979	117401
12981	91901
12983	155901
12986	103101
12992	99401
12993	136701
12996	129001
13021	105301
13027	139801
13029	139201
13030	111701
13031	137501
13032	97501
13033	87901
13034	156701
13035	207001
13036	110601
13037	112801
13039	154101
13040	75201
13042	104301
13044	110501
13045	99301
13053	137201
13057	110501
13060	127901
13063	135901
13066	188101
13068	139701
13069	74901
13073	116001
13074	77901
13076	92401
13077	115001
13078	205201
13080	111301
13082	121301
13083	79301
13084	148801
13088	115601
13092	105201
13101	78401
13104	211401
13108	149601
13110	149101
13112	121901
13114	85301
13116	118301
13118	114901
13120	77101
13126	76601
13131	82201
13132	117601
13135	103201
13140	85101
13142	86001
13143	74001
13145	85501
13148	82801
13152	275601
13156	90401
13159	160101
13160	125101
13164	141001
13165	70001
13166	108401
13203	77101
13204	62501
13205	64901
13206	81701
13207	76401
13208	75201
13209	105101
13210	114101
13211	76401
13212	102401
13214	139201
13215	177701
13219	117601
13224	132301
13304	142101
13308	85301
13309	90701
13316	84501
13320	115401
13323	149601
13326	284501
13332	78001
13338	118201
13346	148701
13354	135001
13363	103501
13403	141001
13408	95501
13409	82901
13411	71001
13413	145501
13417	93601
13421	94001
13424	119801
13425	75101
13438	113301
13439	96301
13440	88001
13456	123601
13460	90901
13461	116301
13471	78501
13476	108701
13478	89901
13480	90101
13490	119501
13491	96901
13492	123601
13493	70701
13495	80501
13501	91901
13502	87601
13601	117101
13605	119301
13607	108701
13612	140501
13617	94401
13618	138701
13619	109301
13622	129701
13624	135801
13634	123801
13637	131801
13642	65001
13646	76001
13650	139501
13656	102601
13658	66501
13662	74001
13667	64801
13668	60601
13669	61401
13676	79801
13679	122101
13685	168001
13691	115901
13730	84201
13732	140601
13733	91001
13734	88001
13746	94401
13748	88301
13760	119601
13778	99901
13787	87801
13790	80801
13795	90701
13803	83801
13811	95701
13812	92801
13815	88001
13820	126801
13825	126301
13827	111201
13830	73201
13833	102801
13850	142601
13862	100501
13865	103501
13901	108001
13903	100301
13904	79401
13905	106201
14001	136501
14004	143601
14005	96201
14006	89101
14012	94001
14020	83601
14025	148801
14028	113501
14030	129301
14036	107501
14040	117801
14042	89101
14048	55701
14058	84301
14062	75001
14065	79101
14067	93701
14070	69601
14080	147101
14081	96401
14092	146701
14094	98701
14098	83401
14101	81301
14103	69901
14105	82301
14108	88201
14120	106001
14125	79001
14131	110301
14132	121101
14136	75401
14138	58601
14141	125901
14143	104301
14171	86301
14172	110001
14174	136901
14201	97201
14212	54401
14214	92401
14216	105601
14218	81701
14301	47001
14303	43201
14304	78601
14305	57201
14411	76001
14414	126401
14416	111301
14420	117701
14422	93001
14423	112001
14428	132401
14435	134901
14437	78801
14445	91301
14450	174001
14454	146501
14464	107501
14467	123201
14468	128001
14470	91401
14472	203601
14476	100301
14477	103001
14481	104301
14482	99801
14485	130001
14487	134301
14506	226601
14510	69901
14514	151001
14517	74901
14521	77201
14525	90901
14526	162101
14533	105001
14534	223501
14541	141901
14543	157701
14546	115801
14559	132901
14560	87001
14572	76401
14580	169101
14586	146201
14605	40001
14606	90301
14607	153001
14608	44701
14609	80601
14610	141101
14611	45201
14612	122701
14613	53501
14615	75201
14616	87701
14617	117301
14618	176501
14619	63601
14620	108701
14621	44701
14622	100801
14623	107301
14624	119801
14625	162201
14626	124201
14701	61201
14706	94901
14710	92701
14712	144501
14715	45401
14716	67501
14718	74301
14719	58701
14724	82701
14727	65201
14733	61701
14735	53701
14737	57501
14738	73501
14739	47101
14741	121501
14747	63301
14750	93901
14755	68601
14757	120701
14760	57101
14770	67501
14775	60801
14781	68501
14782	66601
14787	76301
14801	62901
14806	48901
14807	75501
14809	63301
14812	68901
14813	51201
14814	144001
14817	124301
14826	70001
14830	79401
14840	168001
14843	61401
14845	111901
14850	190101
14865	82101
14867	122301
14870	103001
14871	99501
14873	74901
14879	72501
14880	52601
14882	152501
14883	94701
14886	150001
14891	83301
14892	68901
14895	50301
14901	55701
14903	79101
14904	55701
14905	99501
6001	378601
6002	220701
6010	203101
6013	320801
6016	260601
6018	220801
6019	232801
6021	267701
6026	263301
6027	251801
6029	261001
6031	338601
6032	297501
6033	323201
6035	264701
6037	280601
6039	472201
6040	199601
6042	191401
6043	280101
6051	143601
6052	197801
6053	156501
6057	280101
6058	383701
6060	362201
6062	200001
6063	255501
6066	215001
6067	259401
6068	487101
6069	422701
6070	329801
6071	304201
6073	399501
6074	262601
6076	215401
6078	294301
6081	221101
6082	194801
6084	277301
6085	274601
6088	195501
6089	308001
6092	380801
6093	302301
6095	225501
6096	194901
6098	196401
6105	150901
6106	130501
6107	339601
6108	174201
6109	252501
6110	208901
6111	224501
6112	144801
6114	136901
6117	314601
6118	186701
6119	253401
6120	137901
6226	155001
6231	306701
6232	262201
6234	222301
6235	213301
6237	268501
6238	241001
6239	189201
6241	203801
6242	239301
6247	227001
6248	331001
6249	249301
6250	229101
6254	240401
6255	193601
6256	195201
6259	284901
6260	188001
6268	259701
6277	215501
6278	221501
6279	242601
6280	206001
6281	258401
6282	213801
6320	180801
6330	243901
6331	229401
6333	339901
6334	246701
6335	234001
6339	232901
6340	230801
6351	216901
6354	199101
6355	289701
6357	288601
6359	277701
6360	187401
6365	257901
6370	228301
6371	392801
6374	190101
6375	237801
6377	220801
6378	440001
6379	284301
6382	197701
6384	227601
6385	262701
6401	233201
6403	268501
6405	304401
6410	321701
6412	322801
6413	294601
6415	261801
6416	230901
6417	274901
6418	227001
6419	392501
6420	266401
6422	318701
6423	300401
6424	254701
6426	490701
6437	377101
6438	310101
6442	329601
6443	463701
6447	294901
6450	184501
6451	186201
6455	262001
6457	222601
6460	305401
6461	320801
6468	390901
6469	256801
6470	476401
6471	280001
6472	309301
6473	296701
6475	389901
6477	376601
6478	370001
6479	252501
6480	251501
6481	252401
6482	404901
6483	258401
6484	343801
6488	326101
6489	278301
6492	261901
6498	377201
6511	227101
6512	221101
6513	176201
6514	213901
6515	238001
6516	206001
6517	250601
6518	271501
6519	148501
6524	382001
6525	454201
6604	219301
6605	250701
6606	218801
6607	195801
6608	173901
6610	190201
6611	410901
6612	647301
6614	272601
6615	228401
6704	133101
6705	137101
6706	143401
6708	153501
6710	161301
6712	295601
6716	235201
6750	295101
6751	339201
6752	488201
6754	379101
6756	369901
6757	353501
6759	362601
6762	326201
6763	334301
6770	214601
6776	309801
6777	448201
6778	269601
6779	217401
6782	216301
6783	726101
6784	496901
6786	195801
6787	214301
6790	177001
6791	274401
6793	808501
6794	535501
6795	283201
6796	418201
6798	350301
6801	353601
6804	373001
6807	1058701
6810	284001
6811	329401
6812	382001
6820	1314801
6824	630201
6825	453901
6830	1535101
6831	1369601
6840	1345601
6850	409101
6851	435401
6853	973401
6854	371501
6855	430701
6870	1255901
6877	659801
6878	1331501
6880	1063301
6883	880101
6890	882101
6896	629201
6897	806701
6901	278701
6902	427401
6903	829201
6905	541301
6906	439001
6907	463001
7001	275101
7002	362801
7003	335601
7004	522501
7005	435601
7006	499401
7008	278701
7009	454601
7010	420401
7011	323601
7012	352701
7013	356901
7014	348801
7016	422001
7017	264701
7018	244301
7020	507701
7021	947001
7022	398901
7023	408301
7024	532901
7026	356801
7027	353801
7028	557901
7029	349501
7030	499201
7031	362801
7032	353001
7033	351901
7034	316901
7035	350201
7036	285801
7039	543501
7040	458701
7041	604101
7042	466101
7043	647201
7044	406601
7045	564301
7046	661001
7047	381801
7050	270001
7052	371501
7054	436501
7055	351601
7057	388901
7058	580801
7059	682601
7060	293901
7062	268701
7063	279701
7064	292301
7065	284001
7066	393901
7067	346601
7068	514801
7069	661001
7070	448401
7071	371801
7072	309801
7073	356901
7075	370901
7076	429301
7077	280601
7078	1307601
7079	495401
7080	321301
7081	397401
7082	558001
7083	321501
7086	538601
7087	359301
7090	670401
7092	564101
7093	346401
7094	435101
7095	269701
7102	317301
7103	225901
7105	403001
7106	241401
7107	305801
7108	266501
7109	312601
7110	367901
7111	251601
7112	254001
7114	309001
7201	340001
7202	334501
7203	251901
7204	280801
7205	280301
7206	328301
7208	310401
7302	422401
7304	295101
7305	309401
7306	309401
7307	369301
7310	444701
7401	676701
7403	316501
7405	449501
7407	367501
7410	391901
7416	221901
7417	1084601
7418	327701
7419	277501
7420	273001
7421	284801
7422	229601
7423	717501
7424	392801
7430	483601
7432	434201
7435	360601
7436	466801
7438	339101
7439	248401
7440	394801
7442	332701
7444	421201
7446	520501
7450	669301
7452	570601
7456	372601
7457	349101
7458	1033301
7460	267501
7461	288201
7462	206401
7463	424401
7465	327301
7470	460401
7480	304901
7481	711801
7501	287801
7502	283601
7503	293101
7504	312301
7506	375901
7508	371901
7512	376001
7513	320601
7514	272901
7522	273801
7524	306001
7601	319401
7603	352401
7604	400701
7605	506801
7606	400101
7607	374801
7621	341101
7624	674801
7626	537501
7627	667601
7628	374501
7630	457001
7631	390701
7632	1158501
7640	618201
7641	624401
7642	518301
7643	373301
7644	367001
7645	596201
7646	401301
7647	461401
7648	575801
7649	553801
7650	535801
7652	559301
7656	513701
7657	466601
7660	342301
7661	457401
7662	365101
7663	370701
7666	394801
7670	680901
7675	526601
7676	511201
7677	734301
7701	378401
7702	498701
7704	606201
7711	911701
7712	348801
7716	408701
7717	833801
7718	335101
7719	392101
7720	509601
7721	296201
7722	739101
7723	1578201
7724	353201
7726	414801
7727	419601
7728	361201
7730	330401
7731	323301
7732	277801
7733	689301
7734	227501
7735	258801
7737	340401
7738	528101
7739	564701
7740	370301
7746	490401
7747	355401
7748	423501
7750	558001
7751	515501
7753	285801
7755	396701
7756	436401
7757	501201
7758	312601
7760	841701
7762	608201
7764	466501
7801	305201
7803	301901
7821	326301
7823	254001
7825	337501
7826	299101
7827	209201
7828	324801
7830	473601
7832	294901
7834	396501
7836	391001
7838	310501
7840	303401
7843	252801
7847	294501
7848	373201
7849	309201
7850	299701
7852	312701
7853	483501
7856	334101
7857	277101
7860	293801
7863	250601
7865	294501
7866	340601
7869	502701
7871	363801
7874	273001
7876	389801
7882	250401
7885	310901
7901	809801
7920	575401
7921	322601
7922	512701
7924	643101
7927	451401
7928	712701
7930	646901
7931	1141001
7932	585601
7933	478901
7934	660501
7936	493001
7940	568001
7945	740201
7946	529501
7950	431201
7960	521101
7974	503701
7980	471101
7981	467701
8002	242401
8003	320001
8004	200001
8005	271601
8006	757201
8007	195201
8008	765201
8009	234901
8010	215301
8012	203501
8015	176901
8016	237701
8020	244501
8021	157701
8022	325501
8026	211201
8027	190801
8028	198801
8029	191601
8030	132801
8031	176301
8033	377201
8034	252401
8035	258001
8036	287401
8037	215501
8043	320401
8045	175001
8046	176901
8048	297101
8049	176001
8050	316801
8051	188101
8052	199301
8053	273901
8054	250801
8055	357801
8056	354501
8057	440401
8059	168401
8060	225001
8061	263801
8062	345101
8063	159601
8065	190301
8066	138401
8067	174701
8068	197301
8069	136901
8070	173301
8071	202801
8075	230801
8077	275501
8078	171401
8079	138701
8080	253901
8081	206201
8083	199501
8084	204601
8085	269601
8086	217101
8087	252001
8088	277901
8089	199101
8090	194901
8091	187401
8092	320001
8093	161701
8094	210901
8096	196201
8097	210801
8098	244501
8102	68701
8103	73401
8104	69401
8105	83201
8106	203101
8107	180601
8108	232101
8109	193201
8110	149701
8201	223001
8202	1025001
8203	399101
8204	316301
8205	219801
8210	258601
8215	211801
8221	330101
8223	286701
8225	242701
8226	534901
8230	297701
8232	167501
8234	252201
8241	225501
8242	221401
8243	643401
8244	245001
8247	1280801
8251	180201
8260	311001
8270	235101
8302	142101
8310	213001
8311	153001
8312	171501
8317	189601
8318	207601
8319	204601
8322	209201
8326	172501
8328	172301
8330	204601
8332	146201
8341	169601
8343	242001
8344	183001
8345	143201
8349	100301
8360	158101
8361	207301
8401	218901
8402	483301
8403	818901
8406	329101
8501	384001
8502	604401
8505	261801
8510	564201
8512	449201
8514	437101
8515	429201
8518	206501
8520	268301
8525	427601
8527	323301
8530	358401
8533	355601
8534	429201
8535	563801
8536	324001
8540	534501
8542	428601
8550	582301
8551	472501
8554	171701
8558	686601
8559	423901
8560	410301
8562	330601
8609	117101
8610	200601
8611	109001
8618	149701
8619	258201
8620	280001
8628	252101
8629	146001
8638	177401
8648	278901
8690	295001
8691	371701
8701	255601
8721	280601
8722	246801
8723	278701
8724	275901
8730	696201
8731	265101
8732	367901
8733	221901
8734	311601
8735	614701
8736	550001
8738	1170601
8740	244501
8741	302801
8742	423801
8750	586101
8751	372801
8752	513501
8753	294501
8755	288901
8757	158001
8758	301901
8759	178301
8801	418601
8802	365101
8804	321801
8805	305801
8807	435101
8809	344001
8810	348901
8812	332201
8816	357101
8817	299001
8820	453901
8822	405401
8823	248001
8824	385401
8825	347401
8826	339601
8827	351701
8828	241501
8829	270401
8830	291701
8831	327301
8833	479101
8835	275101
8836	549401
8837	313201
8840	372901
8844	399301
8846	308301
8848	334001
8850	342701
8852	346001
8853	542601
8854	322701
8857	343301
8859	305801
8861	279701
8863	292101
8865	199301
8867	476801
8869	327001
8872	301201
8873	327201
8876	353901
8879	283801
8880	273001
8882	287301
8884	311101
8886	320001
8887	212001
8889	455101
8901	271701
8902	314101
8904	337501
