10001	1424001
10002	713201
10003	1085401
10004	1187801
10005	967401
10007	1595101
10009	868001
10013	2008001
10025	747401
10027	630301
10029	602401
10030	528501
10031	451301
10036	888401
10280	595801
10301	398401
10302	324201
10303	285601
10304	378401
10305	388001
10306	409401
10307	479401
10308	408601
10309	453901
10310	391501
10312	426501
10314	383401
10456	262701
10459	271601
10462	117201
10463	491901
10464	486601
10465	410801
10466	339001
10467	290901
10469	373801
10471	707301
10473	328701
10502	594801
10504	1053701
10506	1081101
10507	551601
10509	326601
10510	653801
10512	285101
10514	872001
10516	438201
10518	556001
10520	457901
10522	584901
10523	449101
10524	424901
10526	555601
10528	948201
10530	517401
10532	500701
10533	653101
10536	683701
10537	246101
10538	928601
10541	367801
10543	630101
10546	578901
10547	330801
10548	334801
10549	618001
10550	311801
10552	460701
10553	355501
10560	578001
10562	381601
10566	272501
10567	371001
10570	590701
10573	505701
10576	897901
10577	1656401
10579	368401
10580	1305501
10583	911201
10588	356001
10589	393401
10590	630801
10591	502001
10594	556801
10595	526901
10598	392901
10601	343201
10603	427401
10604	583901
10605	618201
10606	456001
10607	493101
10701	375701
10703	358101
10704	391201
10705	400601
10706	630501
10707	522701
10708	748901
10709	604701
10710	467201
10801	471901
10803	714901
10804	694701
10805	462901
10901	311901
10913	486101
10916	320101
10917	322401
10918	273901
10920	428301
10921	237701
10923	335201
10924	294501
10925	229901
10926	214901
10928	258601
10930	298401
10940	194701
10941	243301
10950	256301
10954	380001
10956	485201
10958	245801
10960	473201
10962	471101
10963	223101
10964	620901
10965	433301
10968	669801
10970	414701
10973	266401
10974	260701
10980	375501
10983	455201
10984	377801
10986	436501
10987	469601
10989	397701
10990	301101
10992	281601
10993	244101
10994	496701
10998	295601
11001	436601
11003	318601
11004	489201
11010	374101
11020	841301
11021	835801
11023	845701
11024	1668901
11030	1127401
11040	484201
11050	702701
11096	330501
11101	653501
11103	547901
11105	567801
11106	426601
11201	665701
11203	372001
11204	545401
11205	447901
11207	299201
11208	319001
11209	681601
11210	500101
11211	514301
11212	326201
11214	461301
11215	615601
11216	423001
11217	633901
11218	586401
11220	449501
11221	394101
11222	480201
11224	445701
11225	613101
11226	463901
11228	591101
11229	509701
11230	675401
11231	599201
11232	426101
11234	436001
11235	535401
11236	370501
11238	477001
11249	543201
11354	420401
11355	473301
11356	473701
11357	653301
11358	595801
11360	600901
11361	616701
11362	699901
11363	886801
11364	635001
11365	567901
11366	588201
11367	494001
11368	343701
11369	450701
11370	454201
11372	363501
11373	392301
11374	539301
11375	665401
11377	489201
11378	466401
11379	506701
11385	429301
11411	370501
11412	350301
11413	359801
11414	545101
11415	417001
11416	333901
11417	361201
11418	384401
11419	339601
11420	346601
11421	343901
11422	363901
11423	405401
11426	455801
11427	450501
11428	378401
11429	362501
11432	530201
11433	327801
11434	324401
11435	352701
11436	294401
11501	403301
11507	536301
11509	841701
11510	349001
11514	401101
11516	537801
11518	404401
11520	314601
11530	678101
11542	440701
11545	855701
11550	277101
11552	357401
11553	293101
11554	367501
11557	547701
11558	397601
11559	927401
11560	674801
11561	468701
11563	383301
11565	398001
11566	449101
11568	2008601
11569	717401
11570	583101
11572	419801
11575	281201
11576	855701
11577	693101
11579	585801
11580	342401
11581	383801
11590	367001
11596	486901
11598	601401
11691	354001
11692	308701
11693	322101
11694	748901
11701	309501
11702	414501
11703	323901
11704	313201
11705	413601
11706	284301
11709	481301
11710	407901
11713	281201
11714	375901
11716	373401
11717	239001
11718	462101
11719	324201
11720	301101
11721	522401
11722	234201
11724	1152001
11725	423901
11726	275201
11727	277401
11729	330001
11730	397401
11731	432401
11732	563301
11733	461101
11735	349701
11738	318501
11739	627001
11740	466301
11741	344601
11742	338901
11743	544501
11746	421301
11747	516001
11749	288201
11751	346601
11752	335201
11753	665901
11754	404301
11755	366801
11756	324301
11757	322901
11758	400801
11762	398001
11763	274001
11764	382601
11766	380901
11767	413101
11768	599401
11769	401101
11771	799601
11772	278901
11776	307601
11777	441401
11778	281001
11779	310201
11780	437701
11782	396801
11783	397201
11784	273501
11786	412701
11787	438101
11788	435801
11789	268901
11790	390401
11791	566301
11792	401801
11793	401501
11795	394701
11796	358301
11797	895701
11798	274901
11801	354401
11803	454301
11804	503201
11901	303601
11932	1639001
11933	355201
11934	344901
11935	668901
11937	910201
11939	615601
11940	366701
11941	409101
11942	543101
11944	432601
11946	426101
11948	514701
11949	387701
11950	225901
11951	207501
11952	518901
11953	262801
11954	782101
11955	302801
11957	786101
11958	703601
11959	1231801
11960	1092701
11961	235201
11967	235101
11971	577701
11976	1980401
11977	702201
11980	259201
12009	224101
12018	225501
12019	254601
12020	212601
12023	170601
12025	143001
12027	224501
12032	165901
12033	197501
12043	122101
12047	167601
12053	189101
12054	252401
12057	146801
12059	185201
12061	223801
12062	184701
12065	251301
12066	130201
12074	189201
12076	123801
12077	262601
12078	81101
12084	254301
12090	123601
12093	130801
12094	165101
12095	93901
12110	226101
12116	124601
12117	140901
12118	209501
12121	194601
12122	109401
12123	175901
12134	188501
12137	159701
12138	148401
12140	186901
12143	165601
12144	166901
12148	307601
12149	119901
12154	170801
12157	130001
12158	203901
12159	348501
12168	179401
12170	181601
12180	162901
12182	144701
12185	160601
12186	228801
12188	200501
12189	158001
12196	226001
12197	98601
12198	181001
12202	85101
12203	190801
12204	182101
12205	182601
12206	110301
12208	188701
12209	159801
12210	130501
12211	276801
12302	176101
12303	172101
12304	124101
12306	153901
12308	126101
12309	229801
12401	168101
12404	222601
12409	297701
12428	138401
12429	177701
12440	223301
12443	210201
12446	163601
12449	175101
12458	140101
12461	238201
12466	205801
12472	178701
12477	192801
12481	219901
12484	248601
12486	199601
12487	205401
12491	217901
12498	275201
12518	281001
12520	282101
12525	265601
12528	220201
12542	244901
12543	172201
12547	244701
12549	260001
12550	219001
12553	237401
12561	273101
12563	272101
12566	218001
12575	301001
12577	293201
12586	216701
12589	244401
12729	163201
12740	160001
12771	161801
12780	178101
12801	139301
12803	156701
12804	204101
12809	133001
12814	463801
12815	275501
12816	148501
12817	261701
12822	149201
12824	353301
12828	128601
12831	223201
12832	114101
12833	212001
12834	150201
12835	177001
12836	351301
12839	124701
12845	279001
12846	185701
12850	211501
12859	204801
12865	133201
12866	283501
12870	181901
12871	154401
12883	113001
12885	145201
12887	94201
12901	129701
12903	113701
12910	73601
12912	88901
12918	104901
12919	96701
12920	78801
12921	128601
12928	102601
12932	116001
12935	85201
12937	56701
12941	133401
12942	224801
12944	82701
12946	234801
12953	70901
12958	83401
12962	136301
12972	137901
12979	123201
12981	105001
12983	151501
12986	105301
12992	105701
12993	128701
12996	117301
13021	107601
13027	140001
13029	140401
13030	117301
13031	137901
13032	100501
13033	98201
13034	146301
13035	204101
13036	108801
13037	112801
13039	152001
13040	76501
13042	110601
13044	111901
13045	104501
13053	141001
13057	114201
13060	131001
13063	138601
13066	186801
13068	141301
13069	74101
13073	114901
13074	82801
13076	98901
13077	115401
13078	204401
13080	116801
13082	123401
13083	84001
13084	148901
13088	116001
13092	110501
13101	77801
13104	202901
13108	151101
13110	151501
13112	123501
13114	94101
13116	113501
13118	117301
13120	79601
13126	77701
13131	86901
13132	113401
13135	103601
13140	90301
13142	96801
13143	75001
13145	102001
13148	87501
13152	271601
13156	104001
13159	158101
13160	126801
13164	140501
13165	72501
13166	107901
13203	78901
13204	64301
13205	63901
13206	84701
13207	75001
13208	75701
13209	107701
13210	120901
13211	79401
13212	105801
13214	141101
13215	174901
13219	118901
13224	132501
13304	135001
13308	102301
13309	95601
13316	83301
13320	102801
13323	157501
13326	257501
13332	76401
13338	111001
13346	152301
13354	127901
13363	117601
13403	144101
13408	97701
13409	89001
13411	82501
13413	144101
13417	97001
13421	99501
13424	115801
13425	80101
13438	112801
13439	111501
13440	90401
13456	130501
13460	85601
13461	127301
13471	81501
13476	116301
13478	95501
13480	94201
13490	110601
13491	100001
13492	121801
13493	63401
13495	83901
13501	88101
13502	85301
13601	125601
13605	118001
13607	115101
13612	145701
13617	96301
13618	158501
13619	118401
13622	145601
13624	149301
13634	148001
13637	137501
13642	73201
13646	85501
13650	118501
13656	113201
13658	77201
13662	74801
13667	63401
13668	64201
13669	63201
13676	84201
13679	124501
13685	177401
13691	119001
13730	88101
13732	130801
13733	87101
13734	85501
13746	92101
13748	105001
13760	113401
13778	98001
13787	88001
13790	80201
13795	99901
13803	88901
13811	103801
13812	88401
13815	77301
13820	119201
13825	124601
13827	107101
13830	74701
13833	109801
13850	136501
13862	100401
13865	104701
13901	107401
13903	103401
13904	86201
13905	108201
14001	141501
14004	146301
14005	95101
14006	96801
14012	104101
14020	87401
14025	151701
14028	119001
14030	130801
14036	112301
14040	117901
14042	98001
14048	57601
14058	88301
14062	72301
14065	90801
14067	101401
14070	70901
14080	144301
14081	96801
14092	155001
14094	103701
14098	85701
14101	90401
14103	69101
14105	82401
14108	91401
14120	114501
14125	83701
14131	118201
14132	127901
14136	75601
14138	61701
14141	117201
14143	100201
14171	92801
14172	111901
14174	153701
14201	84001
14212	55501
14214	87201
14216	118001
14218	83901
14301	41001
14303	40501
14304	83001
14305	58301
14411	74201
14414	128501
14416	116701
14420	122301
14422	90201
14423	112901
14428	134501
14435	139001
14437	80501
14445	97101
14450	178401
14454	149901
14464	109901
14467	125201
14468	127901
14470	86801
14472	208601
14476	102301
14477	110901
14481	102001
14482	97301
14485	128001
14487	134101
14506	229601
14510	72401
14514	148601
14517	79001
14521	86601
14525	97701
14526	167701
14533	104401
14534	229101
14541	146601
14543	160501
14546	117701
14559	135801
14560	89201
14572	75501
14580	171601
14586	149001
14605	37501
14606	95601
14607	149401
14608	48601
14609	83201
14610	148701
14611	48101
14612	123801
14613	53801
14615	78401
14616	89801
14617	120801
14618	187701
14619	65101
14620	116701
14621	44701
14622	106601
14623	110701
14624	120901
14625	164701
14626	125601
14701	59401
14706	103401
14710	97001
14712	157601
14715	41801
14716	76101
14718	80701
14719	65601
14724	94801
14727	69701
14733	63201
14735	55201
14737	61001
14738	75101
14739	44501
14741	121601
14747	62501
14750	103801
14755	70001
14757	117201
14760	60901
14770	67401
14775	62801
14781	73601
14782	64501
14787	82201
14801	68501
14806	54201
14807	78201
14809	65701
14812	76701
14813	51601
14814	150001
14817	128701
14826	68201
14830	87101
14840	190301
14843	62601
14845	122201
14850	194401
14865	85201
14867	121301
14870	106701
14871	114301
14873	73901
14879	77301
14880	52701
14882	155301
14883	101701
14886	157401
14891	86701
14892	77201
14895	49001
14901	56101
14903	80001
14904	56201
14905	108501
6001	366901
6002	201301
6010	194601
6013	314401
6016	240101
6018	198401
6019	226901
6021	265501
6026	254301
6027	242701
6029	252701
6031	292801
6032	292901
6033	313101
6035	254701
6037	280201
6039	451101
6040	190701
6042	179601
6043	275401
6051	136301
6052	188601
6053	151001
6057	262401
6058	332401
6060	372001
6062	197001
6063	241001
6066	202101
6067	243701
6068	443701
6069	432801
6070	322001
6071	298501
6073	381001
6074	252501
6076	202801
6078	274801
6081	215701
6082	189401
6084	277201
6085	274801
6088	189501
6089	286301
6092	367501
6093	284501
6095	218201
6096	190501
6098	186101
6105	139701
6106	120501
6107	334701
6108	160801
6109	242001
6110	200301
6111	220301
6112	128501
6114	124701
6117	316801
6118	174401
6119	247201
6120	130401
6226	150201
6231	273201
6232	251901
6234	204701
6235	193301
6237	244701
6238	232501
6239	173301
6241	184901
6242	227801
6247	213701
6248	288201
6249	230401
6250	223801
6254	230401
6255	181801
6256	192301
6259	255801
6260	167001
6268	252101
6277	199001
6278	208101
6279	233401
6280	197501
6281	238201
6282	205601
6320	165701
6330	202301
6331	213301
6333	309201
6334	233101
6335	230801
6339	215301
6340	216301
6351	204301
6354	184701
6355	278101
6357	274101
6359	251601
6360	174401
6365	227001
6370	209001
6371	379501
6374	170201
6375	228401
6377	209301
6378	412301
6379	255901
6382	186201
6384	223401
6385	251301
6401	208001
6403	244301
6405	278101
6410	313101
6412	305001
6413	269901
6415	249401
6416	218601
6417	253101
6418	196601
6419	372901
6420	253301
6422	323701
6423	284101
6424	242201
6426	446501
6437	360601
6438	288901
6442	321801
6443	425301
6447	282601
6450	175201
6451	173501
6455	251701
6457	217001
6460	273801
6461	294801
6468	354701
6469	231301
6470	408301
6471	260001
6472	290401
6473	284701
6475	379601
6477	357701
6478	347901
6479	252001
6480	239801
6481	235501
6482	376001
6483	238101
6484	312001
6488	303001
6489	271701
6492	252801
6498	351701
6511	210701
6512	205901
6513	161901
6514	191001
6515	214501
6516	184201
6517	233801
6518	256901
6519	120301
6524	354601
6525	421801
6604	172001
6605	224001
6606	170001
6607	140601
6608	148201
6610	139701
6611	371101
6612	588501
6614	251301
6615	207001
6704	120501
6705	121301
6706	125801
6708	142801
6710	138801
6712	271301
6716	224101
6750	259501
6751	319101
6752	468101
6754	349201
6756	349801
6757	335801
6759	334401
6762	299701
6763	324401
6770	188501
6776	273701
6777	430701
6778	245001
6779	186701
6782	185801
6783	624801
6784	473801
6786	175101
6787	183801
6790	161601
6791	259401
6793	649901
6794	503701
6795	250601
6796	416301
6798	316201
6801	311601
6804	345301
6807	898701
6810	242501
6811	296101
6812	346801
6820	1205601
6824	572801
6825	405101
6830	1351201
6831	1238101
6840	1196501
6850	367201
6851	386801
6853	905301
6854	316401
6855	412901
6870	1062701
6877	599001
6878	1139201
6880	971601
6883	803501
6890	845701
6896	574401
6897	741701
6901	235901
6902	367901
6903	721901
6905	472701
6906	393201
6907	423501
7001	254201
7002	315401
7003	300501
7004	486101
7005	408001
7006	477601
7008	245601
7009	440801
7010	382201
7011	285701
7012	341401
7013	333201
7014	315101
7016	419601
7017	218801
7018	199901
7020	467001
7021	826201
7022	340101
7023	397801
7024	487301
7026	305201
7027	344401
7028	513801
7029	276801
7030	481201
7031	334101
7032	304201
7033	328801
7034	293601
7035	327601
7036	251101
7039	503101
7040	437901
7041	625701
7042	440001
7043	609101
7044	409601
7045	536101
7046	638201
7047	283401
7050	215201
7052	339301
7054	429901
7055	253001
7057	357001
7058	540101
7059	646201
7060	247801
7062	220401
7063	215301
7064	270601
7065	258101
7066	387501
7067	329401
7068	510401
7069	628601
7070	418901
7071	352301
7072	311201
7073	349601
7075	345001
7076	427101
7077	270501
7078	1142101
7079	474901
7080	305001
7081	388601
7082	517701
7083	302301
7086	479701
7087	286601
7090	659201
7092	553501
7093	305101
7094	376001
7095	254501
7102	240801
7103	198801
7105	278501
7106	200801
7107	236201
7108	230701
7109	272401
7110	353101
7111	209601
7112	194801
7114	238901
7201	207001
7202	232001
7203	184801
7204	271201
7205	221801
7206	223501
7208	260701
7302	419901
7304	241401
7305	269101
7306	263601
7307	298001
7310	454701
7401	618801
7403	308101
7405	410601
7407	334201
7410	361001
7416	200601
7417	989101
7418	233501
7419	214501
7420	250301
7421	258701
7422	200301
7423	650501
7424	362801
7430	443201
7432	427501
7435	357601
7436	428901
7438	316001
7439	235801
7440	380401
7442	297801
7444	406501
7446	509801
7450	637901
7452	539001
7456	332601
7457	328701
7458	958001
7460	231101
7461	238701
7462	170801
7463	420601
7465	312201
7470	439801
7480	276501
7481	696401
7501	233701
7502	237301
7503	238301
7504	259701
7506	351101
7508	330301
7512	356201
7513	245901
7514	206901
7522	207001
7524	196301
7601	275401
7603	319401
7604	375401
7605	469001
7606	390601
7607	347201
7621	311901
7624	629601
7626	494801
7627	650401
7628	345301
7630	436901
7631	351501
7632	1058801
7640	598201
7641	599501
7642	515501
7643	332701
7644	334101
7645	584601
7646	385001
7647	430401
7648	523201
7649	538801
7650	488201
7652	525301
7656	477401
7657	416701
7660	302301
7661	436201
7662	339701
7663	349601
7666	371301
7670	650701
7675	502501
7676	491801
7677	686201
7701	358201
7702	443101
7704	584001
7711	809001
7712	321201
7716	371601
7717	775201
7718	312101
7719	382401
7720	478301
7721	274901
7722	702701
7723	1496001
7724	325301
7726	391401
7727	395001
7728	332401
7730	316001
7731	304501
7732	259101
7733	651101
7734	201001
7735	240501
7737	310601
7738	493001
7739	514101
7740	328901
7746	459801
7747	329801
7748	380201
7750	529101
7751	493101
7753	262201
7755	362401
7756	413601
7757	453401
7758	288901
7760	775001
7762	594601
7764	416001
7801	259301
7803	273801
7821	287601
7823	232901
7825	299501
7826	258801
7827	215001
7828	287301
7830	436301
7832	270901
7834	371201
7836	354201
7838	279601
7840	271301
7843	228301
7847	262901
7848	319801
7849	294101
7850	277001
7852	288901
7853	422501
7856	305001
7857	272801
7860	253901
7863	233501
7865	276001
7866	313601
7869	465901
7871	340101
7874	239901
7876	351501
7882	230301
7885	280701
7901	704101
7920	537901
7921	309901
7922	524501
7924	587201
7927	441901
7928	686901
7930	588201
7931	1006401
7932	573101
7933	442801
7934	618701
7936	477801
7940	550301
7945	684201
7946	497701
7950	422301
7960	487701
7974	501701
7980	439101
7981	451901
8002	227501
8003	292401
8004	190001
8005	241301
8006	736101
8007	188201
8008	722401
8009	212801
8010	190101
8012	201501
8015	162901
8016	215601
8020	232801
8021	143101
8022	296201
8026	205201
8027	178201
8028	183801
8029	176401
8030	123501
8031	165301
8033	363701
8034	230801
8035	248901
8036	269101
8037	198901
8043	298601
8045	164901
8046	155801
8048	278401
8049	162901
8050	288201
8051	175801
8052	186601
8053	259601
8054	229801
8055	329801
8056	338401
8057	426001
8059	165001
8060	214401
8061	249001
8062	325701
8063	159001
8065	172301
8066	135201
8067	180701
8068	186101
8069	130301
8070	161101
8071	194601
8075	218201
8077	264601
8078	166501
8079	128901
8080	237001
8081	191501
8083	187101
8084	184501
8085	252101
8086	207701
8087	222801
8088	258601
8089	188901
8090	189201
8091	173301
8092	294901
8093	159801
8094	196201
8096	183001
8097	190501
8098	216801
8102	69101
8103	71701
8104	65401
8105	80301
8106	199601
8107	173301
8108	235201
8109	175201
8110	138301
8201	198301
8202	956701
8203	371401
8204	306701
8205	199601
8210	247901
8215	186301
8221	317401
8223	273201
8225	215501
8226	518901
8230	287801
8232	133201
8234	221901
8241	217501
8242	212501
8243	614401
8244	220101
8247	1151301
8251	170901
8260	287601
8270	228501
8302	142401
8310	177601
8311	152401
8312	164201
8317	197601
8318	204901
8319	198101
8322	201701
8326	155001
8328	172501
8330	184701
8332	140501
8341	156301
8343	226601
8344	177701
8345	153501
8349	123101
8360	154001
8361	190601
8401	189101
8402	457901
8403	770101
8406	307401
8501	372501
8502	585201
8505	248201
8510	536501
8512	412501
8514	387501
8515	409501
8518	197601
8520	246301
8525	401401
8527	304101
8530	359801
8533	311601
8534	420201
8535	535201
8536	342601
8540	534001
8542	448601
8550	570501
8551	445201
8554	165201
8558	656101
8559	423301
8560	405201
8562	312501
8609	109201
8610	193301
8611	101301
8618	139201
8619	238801
8620	263801
8628	250701
8629	128101
8638	159401
8648	272401
8690	277701
8691	370101
8701	239801
8721	258001
8722	226501
8723	253601
8724	254801
8730	638101
8731	242601
8732	346001
8733	214601
8734	290501
8735	589901
8736	525401
8738	1169301
8740	227201
8741	276001
8742	416401
8750	580201
8751	352701
8752	507201
8753	272601
8755	261301
8757	136201
8758	288401
8759	141701
8801	395901
8802	341401
8804	302301
8805	277301
8807	409301
8809	313301
8810	350701
8812	306701
8816	340901
8817	282701
8820	443101
8822	371701
8823	236601
8824	376801
8825	329401
8826	309501
8827	325801
8828	231201
8829	256601
8830	267801
8831	297501
8833	438901
8835	258601
8836	520801
8837	299001
8840	357301
8844	378601
8846	284401
8848	304701
8850	333001
8852	336701
8853	499601
8854	296301
8857	329901
8859	283801
8861	227501
8863	263301
8865	179701
8867	448401
8869	310801
8872	279301
8873	303601
8876	335101
8879	263001
8880	234901
8882	254501
8884	300801
8886	293201
8887	188501
8889	420001
8901	243501
8902	287701
8904	327201
