10001	1445401
10002	710901
10003	1207701
10004	1186401
10005	935501
10007	1702601
10009	846501
10013	2052201
10025	758401
10027	646701
10029	629001
10030	509201
10031	448101
10036	907401
10280	562601
10301	389101
10302	318101
10303	278101
10304	375501
10305	382001
10306	406501
10307	481901
10308	404901
10309	453301
10310	383601
10312	422401
10314	382101
10456	243501
10459	276501
10462	111801
10463	488601
10464	465801
10465	401801
10466	330401
10467	294301
10469	367401
10471	675501
10473	330501
10502	586801
10504	1007101
10506	1016501
10507	523001
10509	318801
10510	625501
10512	272901
10514	878001
10516	424701
10518	564401
10520	454101
10522	563801
10523	428401
10524	427201
10526	528501
10528	905301
10530	496101
10532	469501
10533	639701
10536	660401
10537	230001
10538	926801
10541	359601
10543	584701
10546	542501
10547	316601
10548	333401
10549	583401
10550	297601
10552	442501
10553	326101
10560	578401
10562	370501
10566	262301
10567	350401
10570	578101
10573	488801
10576	842401
10577	1600301
10579	356601
10580	1353801
10583	889801
10588	339301
10589	383501
10590	606801
10591	473201
10594	551401
10595	507701
10598	380101
10601	354701
10603	403101
10604	558001
10605	609901
10606	441501
10607	468401
10701	370001
10703	353801
10704	372001
10705	387101
10706	618601
10707	514201
10708	731401
10709	583501
10710	442201
10801	455501
10803	704201
10804	670901
10805	448801
10901	322001
10913	488701
10916	314501
10917	309401
10918	266401
10920	420901
10921	234801
10923	327001
10924	287601
10925	224801
10926	205301
10928	245501
10930	287501
10940	185101
10941	237401
10950	236701
10954	373501
10956	475201
10958	235401
10960	474701
10962	459801
10963	215301
10964	620901
10965	424401
10968	667901
10970	392601
10973	260201
10974	242801
10980	365801
10983	453201
10984	366701
10986	426301
10987	467001
10989	385001
10990	296701
10992	272601
10993	240001
10994	490101
10998	286801
11001	455301
11003	319601
11004	497901
11010	372401
11020	844301
11021	863501
11023	838701
11024	1635501
11030	1113001
11040	493101
11050	710601
11096	357401
11101	653501
11103	555101
11105	559701
11106	476901
11201	695901
11203	365301
11204	553401
11205	463101
11207	296901
11208	304701
11209	682601
11210	495601
11211	518701
11212	317901
11214	469501
11215	638301
11216	445201
11217	658601
11218	577001
11220	473801
11221	382401
11222	484701
11224	454701
11225	628601
11226	454301
11228	609801
11229	506201
11230	670801
11231	619501
11232	422501
11234	443101
11235	544101
11236	361701
11238	502001
11249	568801
11354	458001
11355	511501
11356	474201
11357	645901
11358	603701
11360	598101
11361	613101
11362	700001
11363	894601
11364	641601
11365	586701
11366	595101
11367	506201
11368	346201
11369	440101
11370	442701
11372	393201
11373	414301
11374	538401
11375	670001
11377	493301
11378	465201
11379	510201
11385	427701
11411	363601
11412	337301
11413	354301
11414	543001
11415	422801
11416	336001
11417	366601
11418	383701
11419	348601
11420	352001
11421	348401
11422	360101
11423	399901
11426	455401
11427	448701
11428	375101
11429	356501
11432	534001
11433	319801
11434	316201
11435	355001
11436	294601
11501	409401
11507	539401
11509	835601
11510	340901
11514	407301
11516	537601
11518	403501
11520	305801
11530	688201
11542	439401
11545	838201
11550	270401
11552	355601
11553	286001
11554	363201
11557	540301
11558	408201
11559	940701
11560	682601
11561	463701
11563	384401
11565	396501
11566	447501
11568	1988601
11569	745101
11570	583001
11572	414701
11575	269201
11576	852101
11577	705201
11579	587801
11580	339301
11581	393301
11590	363801
11596	492101
11598	615201
11691	344001
11692	288501
11693	316101
11694	723101
11701	287201
11702	388701
11703	308201
11704	295401
11705	402201
11706	279201
11709	474201
11710	406201
11713	269901
11714	371901
11716	371201
11717	224201
11718	446001
11719	323601
11720	291101
11721	530301
11722	216601
11724	1103701
11725	426001
11726	261601
11727	270301
11729	307801
11730	385001
11731	427201
11732	554501
11733	466301
11735	343401
11738	306201
11739	642901
11740	453101
11741	337801
11742	324801
11743	537901
11746	414601
11747	519701
11749	271701
11751	336901
11752	321101
11753	666501
11754	403401
11755	360001
11756	322601
11757	299701
11758	397701
11762	399401
11763	264101
11764	379401
11766	382601
11767	406201
11768	598501
11769	401701
11771	787901
11772	266001
11776	303201
11777	454701
11778	274301
11779	303001
11780	434801
11782	389501
11783	392601
11784	266701
11786	396201
11787	438701
11788	424301
11789	261601
11790	387101
11791	560101
11792	397801
11793	399801
11795	382401
11796	356501
11797	871301
11798	240001
11801	360701
11803	462101
11804	505501
11901	298501
11932	1620701
11933	341201
11934	330701
11935	641601
11937	906801
11939	588301
11940	351201
11941	426701
11942	529601
11944	432901
11946	415001
11948	481201
11949	367701
11950	210701
11951	197001
11952	493301
11953	256801
11954	756901
11955	291401
11957	751501
11958	661701
11959	1243401
11960	1082101
11961	234401
11967	222101
11971	561901
11976	2033001
11977	686801
11980	250901
12009	219101
12018	221201
12019	253301
12020	211601
12023	173601
12025	143901
12027	222501
12032	165601
12033	194801
12043	123801
12047	166301
12053	188401
12054	250101
12057	157601
12059	197301
12061	217801
12062	174201
12065	248601
12066	121601
12074	182601
12076	115101
12077	258601
12078	80901
12084	246601
12090	125601
12093	125601
12094	161101
12095	97801
12110	222801
12116	122601
12117	144101
12118	216601
12121	193401
12122	105301
12123	172301
12134	185501
12137	158501
12138	146501
12140	178601
12143	163301
12144	164801
12148	306801
12149	119201
12154	171801
12157	128401
12158	203401
12159	339801
12168	173901
12170	182901
12180	161801
12182	142201
12185	155001
12186	225201
12188	202901
12189	156601
12196	224601
12197	92801
12198	176401
12202	85201
12203	182501
12204	169601
12205	179201
12206	110401
12208	181901
12209	155301
12210	129901
12211	276701
12302	170101
12303	173701
12304	122501
12306	153001
12308	122501
12309	226901
12401	160301
12404	220701
12409	283601
12428	135001
12429	172701
12440	215701
12443	197001
12446	153601
12449	168301
12458	132601
12461	233801
12466	197001
12472	175701
12477	191001
12481	216701
12484	236701
12486	200501
12487	202301
12491	214201
12498	261301
12518	283501
12520	281801
12525	257301
12528	218101
12542	233701
12543	164501
12547	232701
12549	249201
12550	210301
12553	229101
12561	264001
12563	262701
12566	208301
12575	294101
12577	286401
12586	210201
12589	234801
12729	156701
12740	168101
12771	161501
12780	173601
12801	135201
12803	155701
12804	196501
12809	137201
12814	418201
12815	259401
12816	157601
12817	242801
12822	145601
12824	336601
12828	130801
12831	220901
12832	115101
12833	206801
12834	161201
12835	176301
12836	352601
12839	127101
12845	269501
12846	181301
12850	199801
12859	202101
12865	134801
12866	280101
12870	183301
12871	153701
12883	116301
12885	144001
12887	91301
12901	126201
12903	111101
12910	72001
12912	88901
12918	102601
12919	96901
12920	79101
12921	125801
12928	101301
12932	110701
12935	95501
12937	57001
12941	140501
12942	240601
12944	82601
12946	227901
12953	69901
12958	85301
12962	133501
12972	137601
12979	119901
12981	99701
12983	146801
12986	104701
12992	102501
12993	134201
12996	130901
13021	104201
13027	139001
13029	136901
13030	118201
13031	137301
13032	100401
13033	91501
13034	139101
13035	199901
13036	112201
13037	113301
13039	151601
13040	81801
13042	108101
13044	115401
13045	103301
13053	142701
13057	113301
13060	127801
13063	137401
13066	181701
13068	142001
13069	74901
13073	114401
13074	83601
13076	98801
13077	113401
13078	204901
13080	114101
13082	125101
13083	86501
13084	148001
13088	115701
13092	103901
13101	82101
13104	201801
13108	151001
13110	152701
13112	121901
13114	95501
13116	112801
13118	109801
13120	77601
13126	79901
13131	90801
13132	116301
13135	99901
13140	84101
13142	97001
13143	75301
13145	100901
13148	88001
13152	269501
13156	93301
13159	155801
13160	127601
13164	136701
13165	71801
13166	105101
13203	76501
13204	61201
13205	62601
13206	83601
13207	74401
13208	74801
13209	107601
13210	124401
13211	79001
13212	105201
13214	139001
13215	172901
13219	117901
13224	133101
13304	136701
13308	98801
13309	94901
13316	84501
13320	81501
13323	152201
13326	237601
13332	76901
13338	104901
13346	151301
13354	124801
13363	124201
13403	140201
13408	100201
13409	82401
13411	76101
13413	140801
13417	104001
13421	98001
13424	122101
13425	80301
13438	107101
13439	107201
13440	86901
13456	135201
13460	89201
13461	129901
13471	83801
13476	110201
13478	95201
13480	93501
13490	110801
13491	100301
13492	123701
13493	69201
13495	85101
13501	91201
13502	87601
13601	125201
13605	116601
13607	114001
13612	149301
13617	100201
13618	156401
13619	118601
13622	147801
13624	147801
13634	146701
13637	137401
13642	71001
13646	85101
13650	124601
13656	110401
13658	76201
13662	74601
13667	66501
13668	66101
13669	60601
13676	82301
13679	125901
13685	175501
13691	121001
13730	96201
13732	129701
13733	87801
13734	86901
13746	90501
13748	106001
13760	110101
13778	100501
13787	90901
13790	77601
13795	95801
13803	87601
13811	103501
13812	91901
13815	77501
13820	116901
13825	119901
13827	105301
13830	82601
13833	106301
13850	130501
13862	101001
13865	101301
13901	104001
13903	99801
13904	80301
13905	105001
14001	139801
14004	145901
14005	101201
14006	95701
14012	106001
14020	88801
14025	152801
14028	122601
14030	130501
14036	114301
14040	119201
14042	93301
14048	57701
14058	90301
14062	75701
14065	87001
14067	101301
14070	69701
14080	145101
14081	106101
14092	154001
14094	103001
14098	88701
14101	88701
14103	70501
14105	83401
14108	90201
14120	114601
14125	84301
14131	120101
14132	126301
14136	78801
14138	61001
14141	122201
14143	99901
14171	93501
14172	113701
14174	155601
14201	93701
14212	57901
14214	91501
14216	118601
14218	85701
14301	39601
14303	38401
14304	82401
14305	58001
14411	76901
14414	130101
14416	114001
14420	119501
14422	93101
14423	112401
14428	133101
14435	141301
14437	80001
14445	93001
14450	174201
14454	151301
14464	106601
14467	124201
14468	127201
14470	88701
14472	200401
14476	101901
14477	113901
14481	104701
14482	99501
14485	127401
14487	135901
14506	217201
14510	73501
14514	148301
14517	78101
14521	88401
14525	98201
14526	162301
14533	100801
14534	225301
14541	139701
14543	155601
14546	118401
14559	134501
14560	88301
14572	75901
14580	167501
14586	149101
14605	37401
14606	93301
14607	146701
14608	48901
14609	82801
14610	145901
14611	48901
14612	123101
14613	52801
14615	76501
14616	89001
14617	117501
14618	182501
14619	64101
14620	115301
14621	44401
14622	105201
14623	109101
14624	119001
14625	162001
14626	124901
14701	59401
14706	95301
14710	105201
14712	166601
14715	43401
14716	74801
14718	80501
14719	68601
14724	105901
14727	68001
14733	64001
14735	58501
14737	60901
14738	77301
14739	44501
14741	115001
14747	61701
14750	99601
14755	68001
14757	122201
14760	59601
14770	66001
14775	62101
14781	74301
14782	65401
14787	81001
14801	69501
14806	48601
14807	77701
14809	66601
14812	78401
14813	51301
14814	147501
14817	125301
14826	64901
14830	88701
14840	181701
14843	62701
14845	123501
14850	195301
14865	89101
14867	119301
14870	110601
14871	117501
14873	70501
14879	76301
14880	55301
14882	153601
14883	102201
14886	154001
14891	90901
14892	78901
14895	49101
14901	56001
14903	81501
14904	56801
14905	103701
6001	366601
6002	197401
6010	188301
6013	305401
6016	233001
6018	191401
6019	223701
6021	246101
6026	254401
6027	243901
6029	245001
6031	289201
6032	281701
6033	311201
6035	252901
6037	273001
6039	453501
6040	181801
6042	174501
6043	264701
6051	127401
6052	181301
6053	145901
6057	255601
6058	328801
6060	373501
6062	193901
6063	240401
6066	192801
6067	243101
6068	428801
6069	414601
6070	313501
6071	290101
6073	380001
6074	244301
6076	192801
6078	270301
6081	201301
6082	181801
6084	262901
6085	263101
6088	183901
6089	284701
6092	364801
6093	284201
6095	210401
6096	180701
6098	183501
6105	129601
6106	104101
6107	331301
6108	153001
6109	237401
6110	199101
6111	216001
6112	117301
6114	108201
6117	312201
6118	167001
6119	246601
6120	120901
6226	145801
6231	260901
6232	245601
6234	201401
6235	191301
6237	239601
6238	226201
6239	165501
6241	177901
6242	222701
6247	205801
6248	272801
6249	228401
6250	222401
6254	223601
6255	177501
6256	184901
6259	246401
6260	157601
6268	247901
6277	196801
6278	204401
6279	226501
6280	191401
6281	240101
6282	205301
6320	159901
6330	194101
6331	207401
6333	294001
6334	221101
6335	224201
6339	208401
6340	214001
6351	198401
6354	176901
6355	275201
6357	269001
6359	245901
6360	166001
6365	219401
6370	209101
6371	377001
6374	166301
6375	221501
6377	199201
6378	404701
6379	255901
6382	182301
6384	225401
6385	239401
6401	206201
6403	235201
6405	269201
6410	295501
6412	301901
6413	265801
6415	244801
6416	213701
6417	244201
6418	188301
6419	359901
6420	245301
6422	316801
6423	277501
6424	233001
6426	433501
6437	341701
6438	277601
6442	316501
6443	407001
6447	274701
6450	167201
6451	165501
6455	241101
6457	211901
6460	265801
6461	285701
6468	346101
6469	228901
6470	401001
6471	250701
6472	278301
6473	267801
6475	366401
6477	342201
6478	331701
6479	243201
6480	232001
6481	226701
6482	362301
6483	225701
6484	304901
6488	288801
6489	263501
6492	241901
6498	342501
6511	201901
6512	193901
6513	154801
6514	183201
6515	214701
6516	174701
6517	228101
6518	253901
6519	121201
6524	335401
6525	412101
6604	168201
6605	207201
6606	163901
6607	133901
6608	140101
6610	136001
6611	367701
6612	583901
6614	248601
6615	199601
6704	112201
6705	115001
6706	116601
6708	134901
6710	131901
6712	260601
6716	212301
6750	256101
6751	311001
6752	461801
6754	353401
6756	339301
6757	329401
6759	318001
6762	284201
6763	314901
6770	179001
6776	264801
6777	410001
6778	236801
6779	181401
6782	181601
6783	627401
6784	461401
6786	175101
6787	182101
6790	156701
6791	257101
6793	629301
6794	509101
6795	253401
6796	405001
6798	313001
6801	301001
6804	340001
6807	906201
6810	231501
6811	294301
6812	341601
6820	1225101
6824	563701
6825	398601
6830	1355201
6831	1218901
6840	1202401
6850	356501
6851	382701
6853	869101
6854	313901
6855	388701
6870	1086301
6877	596901
6878	1132701
6880	980401
6883	800601
6890	825901
6896	573901
6897	743601
6901	229701
6902	364401
6903	701901
6905	461801
6906	383001
6907	416401
7001	246301
7002	294601
7003	288601
7004	475501
7005	392201
7006	467201
7008	240601
7009	437901
7010	373101
7011	266201
7012	325001
7013	326201
7014	300701
7016	413401
7017	208601
7018	195901
7020	459101
7021	810101
7022	323301
7023	385401
7024	477101
7026	299301
7027	340201
7028	501401
7029	264601
7030	476701
7031	324301
7032	290701
7033	321601
7034	290001
7035	318801
7036	240201
7039	486801
7040	435501
7041	625101
7042	423201
7043	605001
7044	402101
7045	513901
7046	639601
7047	280301
7050	209201
7052	327801
7054	418001
7055	244501
7057	352001
7058	538501
7059	644101
7060	238901
7062	202101
7063	201301
7064	261901
7065	243201
7066	383701
7067	319401
7068	493701
7069	622801
7070	409801
7071	346601
7072	302301
7073	343401
7075	334301
7076	428101
7077	263201
7078	1133801
7079	470001
7080	302601
7081	383601
7082	515401
7083	292001
7086	470601
7087	271101
7090	646401
7092	538801
7093	292501
7094	368001
7095	245301
7102	235001
7103	187101
7105	269201
7106	183301
7107	220501
7108	216701
7109	257101
7110	343501
7111	198001
7112	196601
7114	225801
7201	206901
7202	218701
7203	176201
7204	262401
7205	213101
7206	201801
7208	261201
7302	425201
7304	220001
7305	252501
7306	253301
7307	285701
7310	455501
7401	602601
7403	289801
7405	404301
7407	328601
7410	355401
7416	198201
7417	967101
7418	237801
7419	212301
7420	244901
7421	243301
7422	191201
7423	650701
7424	346501
7430	431401
7432	420101
7435	348201
7436	423101
7438	306601
7439	235601
7440	372401
7442	274801
7444	393101
7446	493201
7450	644901
7452	548901
7456	322401
7457	317101
7458	924801
7460	226001
7461	233301
7462	165601
7463	413001
7465	310701
7470	423701
7480	266201
7481	680301
7501	211001
7502	226501
7503	221601
7504	236501
7506	329701
7508	314301
7512	344401
7513	217901
7514	198801
7522	190501
7524	186901
7601	268601
7603	310701
7604	366801
7605	456801
7606	376601
7607	342301
7621	305401
7624	617501
7626	486801
7627	645801
7628	333801
7630	426501
7631	344401
7632	1024801
7640	601501
7641	586301
7642	513801
7643	318901
7644	329301
7645	584201
7646	375801
7647	433901
7648	524601
7649	529301
7650	476201
7652	510801
7656	461901
7657	401001
7660	300201
7661	421701
7662	333501
7663	344901
7666	365001
7670	660101
7675	497001
7676	488001
7677	684101
7701	359901
7702	451601
7704	578601
7711	787201
7712	313301
7716	370701
7717	801101
7718	305401
7719	380201
7720	473501
7721	265101
7722	705401
7723	1505001
7724	317601
7726	386801
7727	395901
7728	332001
7730	313501
7731	298601
7732	251801
7733	644601
7734	190401
7735	237801
7737	303101
7738	494101
7739	521001
7740	317701
7746	457801
7747	325801
7748	381501
7750	520501
7751	488401
7753	253401
7755	354101
7756	419401
7757	450801
7758	283801
7760	777001
7762	592901
7764	407501
7801	254701
7803	265401
7821	281001
7823	226201
7825	292601
7826	248101
7827	206901
7828	276401
7830	431601
7832	251201
7834	364601
7836	344301
7838	270201
7840	265601
7843	219601
7847	257501
7848	305601
7849	285601
7850	267301
7852	282001
7853	417101
7856	300301
7857	264701
7860	244001
7863	225001
7865	267301
7866	305801
7869	461301
7871	334001
7874	234401
7876	352901
7882	216801
7885	266901
7901	689601
7920	535801
7921	307301
7922	507601
7924	589401
7927	433401
7928	700301
7930	593901
7931	976701
7932	555601
7933	431901
7934	609801
7936	475401
7940	551601
7945	665601
7946	479701
7950	417101
7960	490301
7974	496301
7980	431201
7981	441701
8002	218401
8003	284601
8004	179701
8005	235001
8006	741001
8007	176901
8008	710701
8009	207301
8010	183701
8012	196401
8015	161801
8016	210101
8020	224001
8021	137001
8022	284001
8026	189001
8027	171401
8028	179201
8029	169001
8030	117601
8031	157701
8033	356201
8034	226301
8035	238401
8036	256301
8037	193901
8043	288701
8045	161001
8046	148301
8048	276801
8049	154301
8050	275801
8051	168801
8052	180201
8053	252401
8054	223501
8055	324601
8056	326001
8057	420801
8059	157401
8060	206901
8061	236801
8062	315701
8063	151701
8065	164701
8066	131401
8067	176401
8068	180301
8069	126801
8070	157501
8071	189801
8075	210701
8077	253601
8078	157801
8079	126601
8080	229501
8081	182101
8083	176301
8084	175001
8085	247301
8086	203701
8087	214501
8088	252701
8089	178101
8090	178001
8091	170601
8092	282301
8093	154301
8094	189401
8096	175401
8097	176201
8098	214801
8102	66501
8103	69401
8104	63701
8105	78001
8106	200201
8107	171701
8108	232501
8109	170901
8110	134001
8201	188101
8202	952801
8203	354701
8204	295801
8205	191601
8210	241001
8215	177701
8221	307901
8223	268901
8225	205801
8226	512601
8230	280701
8232	126601
8234	217701
8241	210001
8242	213801
8243	593901
8244	215001
8247	1149101
8251	162201
8260	276601
8270	232301
8302	142901
8310	181201
8311	160401
8312	160901
8317	205101
8318	196601
8319	204501
8322	189901
8326	161501
8328	167801
8330	180901
8332	138101
8341	152801
8343	219201
8344	172201
8345	153401
8349	120801
8360	155401
8361	195601
8401	175401
8402	444101
8403	735101
8406	299101
8501	367001
8502	582201
8505	240801
8510	526801
8512	414001
8514	371701
8515	406801
8518	189101
8520	240401
8525	410701
8527	298201
8530	357201
8533	314401
8534	412001
8535	528201
8536	343301
8540	529501
8542	452401
8550	578101
8551	439001
8554	158501
8558	643901
8559	418301
8560	402501
8562	302301
8609	98101
8610	185701
8611	92801
8618	134501
8619	232801
8620	253101
8628	237501
8629	117701
8638	152901
8648	259501
8690	269801
8691	362801
8701	231101
8721	247401
8722	221701
8723	247801
8724	248101
8730	644501
8731	233701
8732	333901
8733	192401
8734	282401
8735	571701
8736	516001
8738	1139101
8740	214201
8741	271901
8742	398301
8750	584801
8751	352801
8752	486601
8753	267201
8755	257301
8757	128801
8758	280301
8759	136101
8801	396901
8802	326401
8804	297401
8805	268501
8807	409101
8809	303001
8810	343001
8812	292101
8816	332501
8817	275601
8820	445101
8822	370401
8823	226401
8824	377001
8825	322301
8826	300501
8827	316001
8828	221001
8829	245401
8830	257501
8831	289301
8833	430401
8835	249701
8836	513601
8837	290501
8840	342501
8844	373701
8846	275401
8848	302701
8850	325301
8852	333701
8853	494901
8854	293201
8857	320201
8859	274501
8861	216301
8863	258001
8865	176401
8867	434501
8869	307601
8872	271001
8873	299701
8876	331801
8879	255601
8880	229201
8882	249801
8884	290001
8886	297801
8887	186701
8889	415001
8901	243201
8902	279801
8904	315001
