10001	1466601
10002	690501
10003	1200601
10004	1109401
10005	891501
10007	1754301
10009	842201
10013	2168601
10025	748801
10027	643701
10029	574001
10030	503901
10031	460901
10036	887301
10280	569901
10301	382901
10302	308901
10303	270801
10304	366101
10305	367201
10306	397601
10307	470501
10308	393301
10309	443101
10310	370501
10312	409201
10314	370001
10456	238101
10459	271301
10462	116201
10463	473401
10464	455201
10465	394601
10466	328201
10467	297901
10469	355401
10471	687101
10473	332901
10502	532501
10504	1006201
10506	1013101
10507	535301
10509	297601
10510	608401
10512	259201
10514	844901
10516	416401
10518	508501
10520	462801
10522	536801
10523	383601
10524	426901
10526	499501
10528	887101
10530	450801
10532	446301
10533	627501
10536	626701
10537	193801
10538	926501
10541	337801
10543	563501
10546	562301
10547	294701
10548	333701
10549	548501
10550	286701
10552	426501
10553	319001
10560	553201
10562	351801
10566	249701
10567	322701
10570	537801
10573	471401
10576	845101
10577	1478601
10579	344301
10580	1241001
10583	829601
10588	321801
10589	376901
10590	586801
10591	448601
10594	526301
10595	481801
10598	364801
10601	352801
10603	384101
10604	537501
10605	601201
10606	422101
10607	429901
10701	355101
10703	344801
10704	347901
10705	383101
10706	588701
10707	501501
10708	690301
10709	556701
10710	429401
10801	437601
10803	675901
10804	645101
10805	443201
10901	299501
10913	477501
10916	299801
10917	299901
10918	251401
10920	393001
10921	228801
10923	315201
10924	270501
10925	212801
10926	210701
10928	225401
10930	281501
10940	171801
10941	218501
10950	222101
10954	361001
10956	454201
10958	230601
10960	465901
10962	447701
10963	199901
10964	581901
10965	408801
10968	614401
10970	379901
10973	247201
10974	219201
10980	348801
10983	445401
10984	360201
10986	380601
10987	436701
10989	364501
10990	275401
10992	252601
10993	219101
10994	471401
10998	269601
11001	459601
11003	309901
11004	491701
11010	372101
11020	867801
11021	876001
11023	862801
11024	1583401
11030	1100901
11040	490001
11050	734601
11096	345601
11101	618801
11103	539601
11105	558301
11106	458601
11201	718801
11203	356801
11204	540301
11205	446501
11207	295401
11208	302501
11209	677301
11210	510801
11211	543701
11212	302901
11214	479501
11215	662901
11216	453201
11217	677301
11218	551301
11220	481101
11221	366201
11222	495701
11224	423301
11225	624601
11226	437201
11228	605101
11229	506301
11230	658301
11231	641701
11232	402001
11234	440101
11235	538801
11236	353901
11238	512801
11249	587501
11354	469701
11355	510001
11356	457801
11357	645701
11358	589801
11360	586001
11361	594001
11362	681501
11363	837701
11364	635401
11365	583101
11366	597501
11367	502701
11368	360801
11369	436301
11370	441501
11372	439401
11373	439601
11374	513401
11375	650301
11377	484401
11378	464801
11379	501001
11385	415601
11411	359801
11412	334701
11413	348301
11414	535601
11415	413201
11416	331801
11417	358701
11418	376801
11419	346001
11420	341501
11421	346601
11422	353401
11423	387301
11426	447801
11427	441701
11428	365801
11429	345401
11432	515501
11433	303801
11434	300301
11435	338201
11436	280401
11501	408501
11507	536001
11509	852601
11510	330101
11514	410401
11516	527601
11518	389201
11520	289201
11530	681601
11542	446201
11545	823901
11550	260501
11552	350801
11553	274001
11554	356901
11557	536701
11558	405101
11559	954901
11560	680901
11561	458701
11563	382201
11565	386801
11566	442001
11568	1907901
11569	710801
11570	585101
11572	404501
11575	254601
11576	853301
11577	695001
11579	579001
11580	332101
11581	377101
11590	358001
11596	493801
11598	587001
11691	345301
11692	286201
11693	303801
11694	698801
11701	265101
11702	377301
11703	298601
11704	289301
11705	383701
11706	262601
11709	480201
11710	401501
11713	266001
11714	370001
11716	369401
11717	216601
11718	432101
11719	319301
11720	284701
11721	502901
11722	209001
11724	1040801
11725	407501
11726	250701
11727	257501
11729	296301
11730	375601
11731	407201
11732	546401
11733	452401
11735	342601
11738	297901
11739	588501
11740	430501
11741	331001
11742	316301
11743	531901
11746	403301
11747	515201
11749	272501
11751	327001
11752	317701
11753	650201
11754	393001
11755	336701
11756	318701
11757	289201
11758	390901
11762	396701
11763	246201
11764	365301
11766	371501
11767	390401
11768	581401
11769	389401
11771	775001
11772	251501
11776	297401
11777	437301
11778	269601
11779	291801
11780	419401
11782	379401
11783	375401
11784	258401
11786	367501
11787	425301
11788	415101
11789	252001
11790	373701
11791	554201
11792	368101
11793	391101
11795	370001
11796	349501
11797	855801
11798	225901
11801	356201
11803	472301
11804	510901
11901	296901
11932	1601701
11933	329201
11934	322201
11935	612801
11937	895201
11939	549901
11940	338901
11941	414001
11942	493601
11944	428101
11946	397301
11948	472601
11949	356601
11950	196401
11951	186201
11952	480001
11953	244601
11954	731901
11955	288401
11957	712601
11958	615001
11959	1220501
11960	1068001
11961	228301
11967	212601
11971	528601
11976	2115101
11977	696701
11980	238701
12009	216901
12018	216601
12019	251501
12020	208901
12023	167301
12025	142101
12027	215701
12032	158201
12033	189001
12043	122401
12047	163501
12053	187101
12054	243201
12057	153901
12059	193701
12061	210301
12062	169101
12065	249201
12066	121801
12074	180101
12076	114701
12077	259001
12078	81201
12084	241501
12090	121901
12093	118701
12094	160601
12095	98501
12110	218801
12116	121101
12117	135301
12118	216801
12121	195801
12122	103201
12123	164701
12134	170501
12137	160301
12138	151801
12140	176701
12143	161301
12144	161101
12148	305301
12149	111301
12154	168101
12157	128801
12158	195101
12159	329001
12168	173401
12170	180301
12180	157501
12182	134901
12185	153201
12186	225601
12188	201801
12189	152101
12196	211901
12197	94301
12198	172401
12202	88801
12203	176501
12204	165201
12205	173901
12206	100401
12208	171401
12209	145601
12210	122801
12211	272501
12302	170601
12303	171801
12304	119101
12306	149701
12308	115901
12309	221901
12401	157701
12404	210101
12409	290701
12428	129501
12429	163501
12440	208401
12443	192601
12446	154201
12449	162401
12458	127901
12461	227001
12466	190201
12472	171101
12477	183801
12481	211101
12484	224601
12486	188301
12487	191901
12491	203801
12498	257801
12518	268901
12520	270501
12525	250601
12528	215801
12542	223601
12543	156801
12547	225501
12549	234601
12550	195401
12553	217101
12561	253401
12563	243601
12566	204701
12575	268801
12577	268801
12586	201401
12589	225301
12729	147601
12740	158201
12771	154201
12780	163001
12801	128901
12803	154401
12804	192101
12809	135301
12814	377401
12815	248701
12816	150701
12817	235001
12822	144701
12824	313801
12828	127501
12831	222201
12832	109701
12833	210201
12834	158501
12835	169801
12836	320601
12839	122801
12845	267801
12846	178301
12850	193101
12859	209501
12865	127401
12866	280201
12870	188901
12871	156901
12883	115301
12885	138101
12887	85601
12901	126101
12903	115001
12910	71301
12912	89501
12918	103001
12919	98101
12920	77001
12921	124701
12928	103001
12932	108501
12935	96601
12937	57701
12941	136001
12942	235301
12944	85401
12946	210801
12953	68201
12958	91601
12962	135601
12972	137501
12979	116501
12981	98601
12983	145201
12986	101101
12992	99701
12993	140701
12996	125001
13021	103501
13027	137801
13029	133901
13030	116501
13031	138301
13032	99901
13033	88601
13034	134601
13035	190401
13036	114301
13037	115201
13039	152601
13040	80801
13042	107801
13044	115301
13045	102701
13053	144301
13057	112001
13060	127201
13063	137701
13066	181701
13068	144201
13069	76201
13073	117101
13074	86201
13076	97401
13077	111301
13078	205701
13080	113901
13082	126101
13083	86301
13084	147001
13088	115201
13092	103801
13101	84001
13104	197701
13108	151401
13110	150101
13112	123801
13114	94501
13116	114001
13118	110201
13120	77301
13126	82201
13131	89801
13132	120201
13135	100701
13140	85601
13142	99001
13143	82401
13145	99101
13148	89001
13152	257301
13156	94401
13159	157301
13160	130901
13164	141201
13165	73001
13166	104301
13203	74901
13204	64301
13205	63801
13206	82701
13207	70801
13208	73501
13209	104201
13210	121401
13211	77501
13212	105001
13214	138201
13215	173601
13219	117201
13224	131001
13304	138401
13308	95801
13309	93601
13316	85001
13320	85801
13323	150201
13326	229201
13332	75901
13338	102501
13346	161701
13354	125401
13363	118801
13403	130901
13408	99301
13409	79101
13411	76301
13413	137301
13417	102901
13421	94001
13424	122401
13425	74601
13438	102501
13439	98401
13440	87001
13456	131001
13460	93701
13461	120101
13471	84201
13476	107101
13478	95301
13480	95801
13490	114401
13491	93101
13492	121001
13493	73001
13495	88701
13501	93301
13502	86001
13601	128001
13605	123601
13607	125001
13612	152801
13617	98201
13618	152201
13619	120201
13622	145801
13624	142801
13634	138001
13637	140801
13642	70001
13646	84701
13650	125601
13656	110701
13658	72801
13662	72401
13667	66601
13668	67201
13669	60901
13676	82801
13679	133501
13685	172301
13691	119801
13730	94801
13732	127701
13733	87301
13734	89501
13746	94201
13748	107601
13760	106401
13778	104201
13787	94301
13790	76101
13795	91301
13803	91501
13811	103101
13812	92201
13815	78201
13820	111801
13825	117901
13827	107001
13830	87301
13833	106301
13850	128301
13862	97501
13865	101001
13901	101101
13903	95701
13904	75601
13905	101601
14001	139601
14004	143401
14005	100801
14006	93201
14012	102501
14020	88601
14025	154401
14028	125901
14030	124301
14036	118601
14040	121501
14042	82601
14048	56601
14058	91701
14062	76401
14065	81001
14067	100301
14070	69201
14080	144401
14081	101801
14092	154101
14094	102501
14098	88501
14101	85001
14103	69301
14105	86301
14108	89801
14120	114001
14125	84801
14131	117701
14132	125501
14136	82301
14138	59201
14141	125001
14143	104401
14171	96601
14172	110601
14174	155101
14201	96001
14212	56801
14214	92601
14216	114901
14218	83301
14301	39201
14303	36301
14304	81001
14305	57301
14411	77101
14414	131701
14416	112001
14420	122201
14422	99501
14423	113701
14428	136301
14435	144101
14437	79401
14445	91701
14450	174801
14454	150401
14464	106801
14467	125801
14468	126601
14470	90701
14472	204201
14476	103701
14477	117501
14481	99501
14482	98601
14485	128101
14487	137501
14506	222801
14510	72701
14514	151601
14517	77001
14521	86301
14525	102001
14526	159801
14533	103401
14534	225001
14541	147001
14543	159101
14546	120301
14559	134601
14560	89201
14572	76801
14580	168001
14586	148301
14605	38301
14606	92601
14607	152401
14608	52601
14609	82501
14610	141601
14611	49701
14612	124001
14613	51101
14615	75501
14616	89601
14617	116401
14618	180301
14619	63401
14620	114501
14621	44501
14622	101601
14623	108701
14624	119301
14625	161401
14626	125501
14701	57901
14706	96801
14710	104301
14712	173401
14715	49501
14716	71001
14718	80201
14719	68901
14724	97201
14727	67801
14733	61901
14735	56601
14737	61401
14738	79201
14739	47001
14741	116901
14747	63101
14750	95501
14755	65701
14757	117601
14760	58201
14770	69101
14775	59301
14781	77301
14782	67201
14787	76801
14801	71801
14806	51701
14807	76101
14809	69201
14812	83001
14813	49901
14814	153501
14817	130201
14826	63601
14830	90101
14840	175501
14843	61201
14845	121701
14850	197101
14865	94201
14867	123701
14870	109201
14871	116301
14873	69201
14879	78101
14880	53801
14882	159201
14883	105001
14886	160101
14891	101601
14892	82001
14895	50101
14901	57901
14903	86801
14904	58601
14905	103201
6001	350901
6002	186301
6010	180101
6013	297501
6016	230501
6018	186101
6019	216501
6021	228601
6026	244701
6027	237701
6029	239801
6031	289201
6032	275001
6033	300301
6035	242101
6037	260601
6039	418501
6040	172401
6042	166901
6043	250801
6051	119301
6052	173901
6053	140001
6057	257201
6058	318401
6060	357601
6062	188201
6063	226101
6066	187901
6067	234301
6068	411901
6069	382001
6070	305301
6071	287501
6073	383101
6074	236901
6076	188001
6078	264201
6081	196601
6082	174101
6084	247701
6085	256801
6088	171501
6089	269201
6092	340001
6093	277701
6095	197601
6096	172901
6098	166901
6105	116601
6106	91901
6107	321801
6108	145501
6109	233401
6110	194701
6111	202401
6112	104701
6114	95801
6117	311501
6118	157501
6119	240601
6120	105701
6226	137001
6231	256001
6232	241001
6234	198701
6235	187301
6237	239801
6238	220001
6239	157001
6241	167701
6242	212801
6247	217101
6248	262801
6249	216801
6250	212401
6254	204701
6255	169801
6256	175201
6259	240501
6260	156201
6268	234001
6277	189701
6278	195401
6279	217801
6280	194901
6281	234401
6282	200401
6320	153101
6330	181001
6331	202601
6333	288901
6334	210401
6335	215501
6339	199301
6340	201901
6351	190001
6354	168501
6355	269901
6357	259101
6359	237401
6360	153801
6365	219901
6370	206701
6371	362701
6374	162501
6375	208401
6377	192301
6378	397101
6379	242101
6382	173201
6384	210601
6385	231501
6401	203701
6403	233101
6405	265501
6410	289401
6412	293301
6413	255201
6415	234601
6416	206201
6417	243801
6418	181301
6419	346001
6420	244001
6422	299101
6423	263201
6424	227401
6426	415701
6437	347401
6438	276601
6442	300101
6443	411501
6447	264001
6450	158701
6451	156501
6455	236401
6457	202501
6460	258401
6461	280301
6468	332101
6469	218901
6470	394801
6471	244201
6472	270901
6473	262201
6475	355401
6477	343801
6478	323301
6479	237701
6480	221201
6481	224201
6482	346501
6483	224401
6484	298801
6488	280901
6489	253701
6492	236501
6498	340101
6511	197701
6512	189801
6513	151701
6514	172501
6515	211501
6516	168201
6517	226501
6518	248601
6519	135201
6524	324701
6525	388501
6604	153301
6605	177401
6606	150001
6607	125701
6608	133701
6610	127101
6611	353501
6612	565301
6614	234901
6615	185701
6704	103501
6705	108801
6706	112001
6708	126801
6710	121901
6712	262001
6716	216001
6750	249201
6751	287001
6752	445601
6754	341601
6756	321901
6757	305301
6759	307601
6762	272101
6763	299001
6770	172301
6776	257001
6777	392601
6778	230601
6779	169301
6782	173701
6783	623101
6784	451201
6786	167001
6787	177901
6790	148601
6791	244601
6793	612301
6794	464301
6795	251001
6796	402201
6798	300201
6801	300301
6804	329801
6807	905301
6810	218801
6811	276401
6812	326801
6820	1220301
6824	566401
6825	396801
6830	1342401
6831	1208201
6840	1196501
6850	342901
6851	376601
6853	884901
6854	296601
6855	375601
6870	1111801
6877	589601
6878	1170101
6880	987901
6883	777701
6890	798801
6896	554701
6897	727801
6901	216601
6902	354401
6903	672201
6905	458601
6906	373301
6907	405101
7001	221001
7002	273101
7003	270501
7004	453101
7005	375201
7006	465301
7008	218001
7009	423901
7010	355001
7011	248201
7012	304801
7013	307801
7014	291801
7016	406201
7017	195801
7018	186301
7020	443601
7021	775501
7022	312701
7023	377201
7024	453201
7026	284701
7027	329201
7028	480201
7029	265201
7030	454801
7031	307001
7032	268701
7033	313201
7034	282801
7035	307601
7036	225601
7039	490501
7040	408301
7041	617101
7042	413501
7043	579701
7044	390501
7045	500901
7046	621201
7047	260001
7050	188201
7052	313501
7054	408801
7055	233301
7057	333901
7058	520201
7059	634401
7060	223101
7062	182001
7063	188601
7064	240901
7065	232701
7066	373901
7067	300901
7068	487701
7069	627401
7070	390001
7071	329501
7072	290801
7073	327001
7075	318801
7076	426401
7077	244201
7078	1128701
7079	449701
7080	290201
7081	369901
7082	488801
7083	277301
7086	456201
7087	241101
7090	645301
7092	536301
7093	266201
7094	358401
7095	216901
7102	205401
7103	169401
7105	277501
7106	162201
7107	203701
7108	190701
7109	243901
7110	332701
7111	173801
7112	199501
7114	213501
7201	209701
7202	208301
7203	166801
7204	251501
7205	201301
7206	179201
7208	246101
7302	416101
7304	212401
7305	233801
7306	235101
7307	261401
7310	441701
7401	581801
7403	264301
7405	395601
7407	313801
7410	338901
7416	186501
7417	923301
7418	217701
7419	201501
7420	236201
7421	224801
7422	181201
7423	643901
7424	323601
7430	417901
7432	398801
7435	324301
7436	412901
7438	291301
7439	218301
7440	351801
7442	256101
7444	378801
7446	472901
7450	639001
7452	528801
7456	306201
7457	301001
7458	866901
7460	220101
7461	216701
7462	155401
7463	394101
7465	298401
7470	406001
7480	246401
7481	662301
7501	191901
7502	203701
7503	205401
7504	229801
7506	310201
7508	302801
7512	324501
7513	210401
7514	191701
7522	179601
7524	183701
7601	256901
7603	291501
7604	356401
7605	457101
7606	363201
7607	333701
7621	292901
7624	600001
7626	479901
7627	634601
7628	320101
7630	417801
7631	324101
7632	990001
7640	583301
7641	579801
7642	493901
7643	301901
7644	313001
7645	562701
7646	361901
7647	421801
7648	519101
7649	511901
7650	465801
7652	494501
7656	449901
7657	381301
7660	285001
7661	403601
7662	321001
7663	331001
7666	351201
7670	642301
7675	476101
7676	467801
7677	658701
7701	343301
7702	430701
7704	572501
7711	791201
7712	299901
7716	364501
7717	797101
7718	290101
7719	369801
7720	457301
7721	251501
7722	662401
7723	1404301
7724	298501
7726	369401
7727	379001
7728	317001
7730	289201
7731	287201
7732	233301
7733	622801
7734	176201
7735	218201
7737	291601
7738	479601
7739	501101
7740	306601
7746	431401
7747	311801
7748	364501
7750	512601
7751	463601
7753	238101
7755	338601
7756	406201
7757	419701
7758	273101
7760	781601
7762	555601
7764	382901
7801	244001
7803	251201
7821	266201
7823	203101
7825	275501
7826	236701
7827	185901
7828	268401
7830	417401
7832	233001
7834	352601
7836	326201
7838	254001
7840	252201
7843	201901
7847	241401
7848	301301
7849	273201
7850	255001
7852	278701
7853	404701
7856	284101
7857	250601
7860	222501
7863	209401
7865	253201
7866	292201
7869	432801
7871	314501
7874	211801
7876	335701
7882	199901
7885	256501
7901	702901
7920	525901
7921	304801
7922	502401
7924	586001
7927	418601
7928	702401
7930	587601
7931	934201
7932	539701
7933	429101
7934	581501
7936	450201
7940	537201
7945	651901
7946	469601
7950	402101
7960	477701
7974	489301
7980	418001
7981	420201
8002	209701
8003	271101
8004	169301
8005	224301
8006	709401
8007	162801
8008	688401
8009	197301
8010	171001
8012	184701
8015	154001
8016	202701
8020	217001
8021	127601
8022	270601
8026	163601
8027	160001
8028	174301
8029	154501
8030	112101
8031	148101
8033	349301
8034	221601
8035	235001
8036	248201
8037	179001
8043	272601
8045	148201
8046	138601
8048	264901
8049	143901
8050	262101
8051	160101
8052	169701
8053	242601
8054	215101
8055	314001
8056	316101
8057	412001
8059	151301
8060	196001
8061	229001
8062	303101
8063	145301
8065	150901
8066	123101
8067	168201
8068	170301
8069	120001
8070	148901
8071	177001
8075	193201
8077	241601
8078	145301
8079	120901
8080	219101
8081	169401
8083	163201
8084	160701
8085	242301
8086	193401
8087	201001
8088	244201
8089	168001
8090	173201
8091	168201
8092	269401
8093	139501
8094	178101
8096	167001
8097	171701
8098	209601
8102	58001
8103	66201
8104	58001
8105	75801
8106	188101
8107	166601
8108	223001
8109	162001
8110	127601
8201	176001
8202	921201
8203	323601
8204	290301
8205	180501
8210	233401
8215	164001
8221	277101
8223	260701
8225	200301
8226	497201
8230	264801
8232	111101
8234	205901
8241	191501
8242	204801
8243	567601
8244	201201
8247	1072701
8251	152201
8260	271801
8270	231501
8302	135601
8310	160801
8311	153401
8312	155501
8317	201401
8318	187301
8319	194401
8322	184501
8326	151301
8328	169401
8330	167001
8332	132701
8341	146701
8343	210501
8344	165501
8345	130601
8349	111901
8360	146801
8361	187601
8401	156001
8402	429901
8403	691501
8406	271301
8501	356301
8502	559301
8505	222401
8510	490801
8512	397201
8514	360301
8515	385801
8518	181301
8520	230701
8525	395801
8527	284001
8530	336501
8533	306401
8534	395001
8535	492201
8536	327201
8540	524301
8542	444401
8550	573201
8551	423201
8554	145601
8558	633901
8559	390901
8560	375001
8562	282401
8609	88801
8610	169701
8611	83401
8618	120901
8619	216401
8620	233901
8628	222601
8629	104301
8638	136201
8648	251201
8690	252101
8691	346701
8701	215201
8721	231001
8722	206001
8723	231101
8724	232001
8730	601501
8731	225901
8732	320401
8733	182501
8734	266001
8735	540601
8736	494701
8738	1074001
8740	203101
8741	255401
8742	381701
8750	572901
8751	327101
8752	467801
8753	250001
8755	238001
8757	119101
8758	266201
8759	127601
8801	383801
8802	318501
8804	285601
8805	262801
8807	394201
8809	300701
8810	329801
8812	285101
8816	317101
8817	252301
8820	423901
8822	353901
8823	216201
8824	355301
8825	315601
8826	291201
8827	310501
8828	197701
8829	228501
8830	238801
8831	273701
8833	419601
8835	242501
8836	492201
8837	267201
8840	323501
8844	363901
8846	257501
8848	292001
8850	305701
8852	324001
8853	480601
8854	276501
8857	294301
8859	253001
8861	195101
8863	234901
8865	163801
8867	418401
8869	296401
8872	250901
8873	283201
8876	321201
8879	236301
8880	217901
8882	224701
8884	265501
8886	281301
8887	165701
8889	391501
8901	223101
8902	261301
8904	300701
