10001	1472701
10002	692201
10003	1206601
10004	1107801
10005	893001
10007	1760301
10009	849901
10013	2178201
10025	750101
10027	644701
10029	564001
10030	502501
10031	461101
10036	894101
10280	571501
10301	382101
10302	307801
10303	269601
10304	363501
10305	365701
10306	395501
10307	468201
10308	393001
10309	441501
10310	369601
10312	407301
10314	368701
10456	237301
10459	266201
10462	115601
10463	468701
10464	451701
10465	393001
10466	326901
10467	295701
10469	353601
10471	685701
10473	332701
10502	529601
10504	1012001
10506	1012401
10507	538701
10509	294701
10510	611301
10512	258101
10514	836401
10516	413301
10518	506101
10520	460801
10522	539101
10523	381201
10524	421901
10526	491801
10528	885801
10530	449101
10532	445901
10533	631601
10536	624001
10537	193401
10538	926201
10541	336101
10543	567901
10546	565601
10547	289701
10548	334501
10549	548601
10550	285101
10552	421901
10553	317601
10560	558801
10562	349701
10566	248101
10567	319501
10570	536501
10573	474601
10576	839301
10577	1480501
10579	343801
10580	1203801
10583	830401
10588	320601
10589	379601
10590	579701
10591	450701
10594	522301
10595	477601
10598	362201
10601	349801
10603	382601
10604	538301
10605	599201
10606	419801
10607	428501
10701	354501
10703	340601
10704	347801
10705	380201
10706	585401
10707	498101
10708	692801
10709	557101
10710	430701
10801	439101
10803	671101
10804	642701
10805	447701
10901	299301
10913	475701
10916	297101
10917	296801
10918	250601
10920	391101
10921	228801
10923	313901
10924	268401
10925	210101
10926	207101
10928	225001
10930	279201
10940	170001
10941	216401
10950	222001
10954	359101
10956	452101
10958	229801
10960	464101
10962	445601
10963	200301
10964	582401
10965	408801
10968	610401
10970	377901
10973	245501
10974	215001
10980	346301
10983	444301
10984	358201
10986	376701
10987	433801
10989	363201
10990	272201
10992	250101
10993	217901
10994	470101
10998	267701
11001	459601
11003	310301
11004	490701
11010	372801
11020	872101
11021	868101
11023	864501
11024	1581301
11030	1102101
11040	488001
11050	736801
11096	344501
11101	607001
11103	538401
11105	560801
11106	445801
11201	724301
11203	356701
11204	542401
11205	445501
11207	294601
11208	301301
11209	677301
11210	512401
11211	548601
11212	302101
11214	483001
11215	666501
11216	452901
11217	684101
11218	552101
11220	488001
11221	367801
11222	503001
11224	422601
11225	626801
11226	434301
11228	606101
11229	505101
11230	658601
11231	646601
11232	400701
11234	440601
11235	538801
11236	353601
11238	520701
11249	587401
11354	467801
11355	508201
11356	457801
11357	644701
11358	589801
11360	584301
11361	594001
11362	681201
11363	832401
11364	635101
11365	583101
11366	597701
11367	501901
11368	359101
11369	435401
11370	441901
11372	441501
11373	436801
11374	512301
11375	652501
11377	482501
11378	464301
11379	501601
11385	413601
11411	358301
11412	334701
11413	346601
11414	535801
11415	408201
11416	331801
11417	358601
11418	375701
11419	344801
11420	340901
11421	345601
11422	351501
11423	385901
11426	445601
11427	439701
11428	364301
11429	345301
11432	516101
11433	302701
11434	298201
11435	335801
11436	277401
11501	405801
11507	534801
11509	853601
11510	328901
11514	410101
11516	526401
11518	387001
11520	288401
11530	677901
11542	446701
11545	821601
11550	260101
11552	351801
11553	272601
11554	357301
11557	533901
11558	403801
11559	960001
11560	681001
11561	455701
11563	380401
11565	386001
11566	442701
11568	1894001
11569	711101
11570	584301
11572	403201
11575	253801
11576	852501
11577	692501
11579	576001
11580	332201
11581	374601
11590	357601
11596	489901
11598	583601
11691	346101
11692	286101
11693	303501
11694	699201
11701	264801
11702	375601
11703	297601
11704	287901
11705	385101
11706	260001
11709	480501
11710	399801
11713	264601
11714	370001
11716	366901
11717	215701
11718	431801
11719	316701
11720	283001
11721	499501
11722	208801
11724	1040401
11725	403901
11726	249301
11727	257201
11729	294301
11730	373301
11731	406301
11732	546101
11733	451701
11735	341701
11738	297001
11739	587201
11740	430601
11741	329601
11742	316101
11743	531701
11746	401701
11747	509401
11749	271701
11751	325101
11752	317201
11753	648001
11754	391801
11755	335401
11756	317801
11757	287101
11758	390001
11762	396201
11763	244601
11764	365901
11766	369301
11767	389801
11768	582201
11769	387101
11771	780001
11772	250201
11776	295001
11777	433101
11778	268001
11779	290401
11780	418301
11782	379901
11783	374601
11784	257401
11786	368401
11787	423201
11788	414701
11789	250301
11790	371601
11791	554001
11792	366401
11793	390601
11795	367901
11796	346301
11797	854201
11798	220601
11801	356301
11803	471901
11804	508101
11901	294601
11932	1602601
11933	326601
11934	321901
11935	607301
11937	901101
11939	546401
11940	337001
11941	411901
11942	499001
11944	426401
11946	395401
11948	470101
11949	353801
11950	193401
11951	182401
11952	474201
11953	242801
11954	734601
11955	285701
11957	702601
11958	612401
11959	1227001
11960	1071901
11961	225601
11967	211801
11971	522501
11976	2144601
11977	688201
11980	237201
12009	215501
12018	215001
12019	252001
12020	208801
12023	166701
12025	141701
12027	215501
12032	160401
12033	188101
12043	122001
12047	162501
12053	187101
12054	242101
12057	152601
12059	192001
12061	209001
12062	167001
12065	249701
12066	122901
12074	181801
12076	112601
12077	258701
12078	81001
12084	240901
12090	121801
12093	119901
12094	162001
12095	97701
12110	218001
12116	122901
12117	133801
12118	215401
12121	196201
12122	103301
12123	163401
12134	168701
12137	161101
12138	152001
12140	176001
12143	161201
12144	160301
12148	306901
12149	110301
12154	167901
12157	128801
12158	193901
12159	329001
12168	172301
12170	179101
12180	156601
12182	133301
12185	153801
12186	224901
12188	201501
12189	152401
12196	210001
12197	93401
12198	171501
12202	89201
12203	175801
12204	166401
12205	173101
12206	98901
12208	170301
12209	144301
12210	122701
12211	270701
12302	171101
12303	170901
12304	118401
12306	149001
12308	115001
12309	221401
12401	157401
12404	209601
12409	292001
12428	128301
12429	163601
12440	209501
12443	192701
12446	154901
12449	163101
12458	126601
12461	226001
12466	190401
12472	172301
12477	184201
12481	210301
12484	222701
12486	186901
12487	190901
12491	202401
12498	258001
12518	265101
12520	268401
12525	249301
12528	216001
12542	221201
12543	156101
12547	225901
12549	231601
12550	193401
12553	215701
12561	252901
12563	240301
12566	203101
12575	266901
12577	266101
12586	200301
12589	224501
12729	148001
12740	157901
12771	154501
12780	162601
12801	127901
12803	154301
12804	192601
12809	135401
12814	371501
12815	250501
12816	150501
12817	234801
12822	144801
12824	313401
12828	126601
12831	222601
12832	109401
12833	211001
12834	158201
12835	167501
12836	322501
12839	122001
12845	270301
12846	177601
12850	193601
12859	210201
12865	126301
12866	280201
12870	187301
12871	157001
12883	115401
12885	137501
12887	85501
12901	126501
12903	115001
12910	73401
12912	90201
12918	102201
12919	97601
12920	77601
12921	124801
12928	102701
12932	110301
12935	96201
12937	58201
12941	135501
12942	231901
12944	85201
12946	208201
12953	68501
12958	92801
12962	135501
12972	136301
12979	116801
12981	98901
12983	145801
12986	100001
12992	99501
12993	140801
12996	123901
13021	103401
13027	137601
13029	134001
13030	115301
13031	138501
13032	99001
13033	88101
13034	135801
13035	188501
13036	113801
13037	114701
13039	152901
13040	80301
13042	108401
13044	115701
13045	102501
13053	144401
13057	112501
13060	127701
13063	137901
13066	182301
13068	144601
13069	76401
13073	117701
13074	86201
13076	97301
13077	110801
13078	206201
13080	113901
13082	124801
13083	86101
13084	146801
13088	115901
13092	103901
13101	83601
13104	196901
13108	151101
13110	151401
13112	123901
13114	93101
13116	114601
13118	111701
13120	76401
13126	82201
13131	89701
13132	120201
13135	101601
13140	86601
13142	98701
13143	83001
13145	97501
13148	88801
13152	256101
13156	94901
13159	158601
13160	129101
13164	141801
13165	73101
13166	104101
13203	75001
13204	65001
13205	64001
13206	82301
13207	70901
13208	73101
13209	103901
13210	121801
13211	77701
13212	105101
13214	138801
13215	174101
13219	117901
13224	131001
13304	138701
13308	96401
13309	94201
13316	84701
13320	90001
13323	149101
13326	229101
13332	76101
13338	105201
13346	161701
13354	125101
13363	118001
13403	131401
13408	99101
13409	78501
13411	76801
13413	136401
13417	102501
13421	94301
13424	121901
13425	73501
13438	103101
13439	98101
13440	87301
13456	130401
13460	93601
13461	119801
13471	84001
13476	107901
13478	94201
13480	96201
13490	114401
13491	91201
13492	120501
13493	73601
13495	89401
13501	92601
13502	85901
13601	128801
13605	124701
13607	125401
13612	152201
13617	99601
13618	150901
13619	120901
13622	145301
13624	142601
13634	137301
13637	141501
13642	70601
13646	84701
13650	124001
13656	110301
13658	73701
13662	72801
13667	67001
13668	67601
13669	61201
13676	83401
13679	135601
13685	174201
13691	121801
13730	95301
13732	126701
13733	87301
13734	88601
13746	94901
13748	107601
13760	107301
13778	105001
13787	92901
13790	76001
13795	91901
13803	91701
13811	102901
13812	91101
13815	78401
13820	112801
13825	118101
13827	105901
13830	88401
13833	108301
13850	128501
13862	97201
13865	101001
13901	101301
13903	96601
13904	75501
13905	102201
14001	139301
14004	143801
14005	100501
14006	93301
14012	102501
14020	88901
14025	154401
14028	125001
14030	125401
14036	118801
14040	122301
14042	82201
14048	56801
14058	91601
14062	74801
14065	81301
14067	100601
14070	69801
14080	145701
14081	100401
14092	154101
14094	103201
14098	88801
14101	84201
14103	69001
14105	86401
14108	90301
14120	114001
14125	85601
14131	118401
14132	125801
14136	80901
14138	59701
14141	125701
14143	106001
14171	97001
14172	110701
14174	154501
14201	98101
14212	57401
14214	94101
14216	115801
14218	84001
14301	39201
14303	36401
14304	81201
14305	57501
14411	77001
14414	132101
14416	111901
14420	122001
14422	100601
14423	113601
14428	136401
14435	144701
14437	79301
14445	91801
14450	174901
14454	151401
14464	107101
14467	126201
14468	127101
14470	91301
14472	205301
14476	104501
14477	117201
14481	99201
14482	97901
14485	128001
14487	137601
14506	224001
14510	73001
14514	151501
14517	77001
14521	84901
14525	102001
14526	159801
14533	104001
14534	225101
14541	147801
14543	159601
14546	120501
14559	134901
14560	89701
14572	77001
14580	168401
14586	148701
14605	38301
14606	92701
14607	152501
14608	52401
14609	82301
14610	141501
14611	49701
14612	124401
14613	51201
14615	75501
14616	89501
14617	116401
14618	179501
14619	63501
14620	114401
14621	44801
14622	100901
14623	108801
14624	119501
14625	161601
14626	125501
14701	57801
14706	98401
14710	104001
14712	175401
14715	50701
14716	70801
14718	81301
14719	68801
14724	95401
14727	68601
14733	61401
14735	57101
14737	61601
14738	78501
14739	47601
14741	117001
14747	63801
14750	96401
14755	66101
14757	116101
14760	58301
14770	69101
14775	58701
14781	77001
14782	67701
14787	76301
14801	71801
14806	53101
14807	76501
14809	70101
14812	85201
14813	50501
14814	154601
14817	131601
14826	64101
14830	91201
14840	174301
14843	61101
14845	122201
14850	197401
14865	95201
14867	124401
14870	109501
14871	117001
14873	70301
14879	78401
14880	53701
14882	159801
14883	104401
14886	161501
14891	102601
14892	81901
14895	51101
14901	58301
14903	87501
14904	58901
14905	104701
6001	349701
6002	184901
6010	179801
6013	296601
6016	231101
6018	184901
6019	215101
6021	224401
6026	244601
6027	237201
6029	239001
6031	287801
6032	273901
6033	299301
6035	241501
6037	259701
6039	413201
6040	171601
6042	166701
6043	250001
6051	118401
6052	173901
6053	138901
6057	254101
6058	317001
6060	359101
6062	187101
6063	224201
6066	186401
6067	233101
6068	407701
6069	379101
6070	304401
6071	286601
6073	381901
6074	235901
6076	187501
6078	263701
6081	197001
6082	173601
6084	245501
6085	255901
6088	171501
6089	268201
6092	339701
6093	278001
6095	196601
6096	172501
6098	164701
6105	114401
6106	89901
6107	322001
6108	144801
6109	232501
6110	194101
6111	201601
6112	102501
6114	94701
6117	311301
6118	156801
6119	239401
6120	103101
6226	135501
6231	254301
6232	240501
6234	198901
6235	186401
6237	238701
6238	218901
6239	155701
6241	166501
6242	213101
6247	217601
6248	261201
6249	213801
6250	211601
6254	202201
6255	168001
6256	175501
6259	241001
6260	156201
6268	232301
6277	187801
6278	194301
6279	216801
6280	193301
6281	232701
6282	199101
6320	152101
6330	179001
6331	201801
6333	288601
6334	208101
6335	214201
6339	198201
6340	199901
6351	189101
6354	167101
6355	267801
6357	258001
6359	236501
6360	152101
6365	218701
6370	204201
6371	359901
6374	161101
6375	206701
6377	191601
6378	394401
6379	239801
6382	172001
6384	208401
6385	230701
6401	202001
6403	231101
6405	264901
6410	288401
6412	292201
6413	253801
6415	232501
6416	205401
6417	242101
6418	180101
6419	346301
6420	243001
6422	298901
6423	261701
6424	227101
6426	414901
6437	349801
6438	277201
6442	297701
6443	410501
6447	262701
6450	157601
6451	154801
6455	237801
6457	201001
6460	258201
6461	277701
6468	330901
6469	217601
6470	393101
6471	243201
6472	268101
6473	262401
6475	354501
6477	342701
6478	320901
6479	238001
6480	220901
6481	223001
6482	345801
6483	222501
6484	299201
6488	279401
6489	253301
6492	235301
6498	339401
6511	194801
6512	189101
6513	150101
6514	171201
6515	209401
6516	167401
6517	224301
6518	245501
6519	131801
6524	322801
6525	385401
6604	152201
6605	176101
6606	148301
6607	125701
6608	132701
6610	125401
6611	351801
6612	560901
6614	232801
6615	184701
6704	102101
6705	107201
6706	110701
6708	126401
6710	121901
6712	261901
6716	217101
6750	246801
6751	282901
6752	441101
6754	338401
6756	320301
6757	303701
6759	305601
6762	272101
6763	297901
6770	170401
6776	255001
6777	392201
6778	226801
6779	167401
6782	173101
6783	615701
6784	448501
6786	165601
6787	176901
6790	147301
6791	242801
6793	602301
6794	458201
6795	249301
6796	400301
6798	297101
6801	299601
6804	331101
6807	903101
6810	217801
6811	276501
6812	325701
6820	1216001
6824	564601
6825	395101
6830	1341201
6831	1204201
6840	1192601
6850	338901
6851	373901
6853	884601
6854	294601
6855	374701
6870	1110401
6877	588301
6878	1167001
6880	984701
6883	774901
6890	802301
6896	552101
6897	724401
6901	214001
6902	350901
6903	669101
6905	457501
6906	371301
6907	401301
7001	219401
7002	272201
7003	267001
7004	451401
7005	374001
7006	463401
7008	215801
7009	420901
7010	352101
7011	247401
7012	303301
7013	306001
7014	292601
7016	406101
7017	193801
7018	184701
7020	441401
7021	770601
7022	310901
7023	375401
7024	450001
7026	283001
7027	326501
7028	481101
7029	266701
7030	457401
7031	304801
7032	266201
7033	309001
7034	282801
7035	306001
7036	223001
7039	489601
7040	403501
7041	613501
7042	410801
7043	575301
7044	387501
7045	501301
7046	621401
7047	258301
7050	187101
7052	311501
7054	407601
7055	232101
7057	333301
7058	519201
7059	636801
7060	220401
7062	179901
7063	188101
7064	241101
7065	230201
7066	370501
7067	298801
7068	487301
7069	627901
7070	387901
7071	327001
7072	291001
7073	324901
7075	317601
7076	426301
7077	241801
7078	1126401
7079	448501
7080	289701
7081	366801
7082	485301
7083	275501
7086	457701
7087	240901
7090	646301
7092	536701
7093	265001
7094	360001
7095	214801
7102	205101
7103	166501
7105	274701
7106	162401
7107	200301
7108	190001
7109	241801
7110	329901
7111	171801
7112	198801
7114	211701
7201	208501
7202	208201
7203	164901
7204	247601
7205	198601
7206	176201
7208	246701
7302	419401
7304	212801
7305	232801
7306	234601
7307	261101
7310	450601
7401	577601
7403	262401
7405	394601
7407	311101
7410	335901
7416	185201
7417	920901
7418	213701
7419	201001
7420	235601
7421	222901
7422	181701
7423	644501
7424	321601
7430	414901
7432	395301
7435	321701
7436	412101
7438	289501
7439	215601
7440	348501
7442	254701
7444	377601
7446	469701
7450	637801
7452	527801
7456	304601
7457	300901
7458	863701
7460	220401
7461	215101
7462	152501
7463	391101
7465	297601
7470	405801
7480	243901
7481	664601
7501	189201
7502	202501
7503	203501
7504	231801
7506	309301
7508	300301
7512	323201
7513	209501
7514	192401
7522	178501
7524	183701
7601	256301
7603	287701
7604	354201
7605	456501
7606	360801
7607	332401
7621	291501
7624	596301
7626	478801
7627	634501
7628	319101
7630	417001
7631	322401
7632	990701
7640	579401
7641	583401
7642	491201
7643	301001
7644	311501
7645	564401
7646	361301
7647	419801
7648	517901
7649	511001
7650	465801
7652	495101
7656	451501
7657	380001
7660	285301
7661	402501
7662	318601
7663	329801
7666	349001
7670	642801
7675	474201
7676	465601
7677	656601
7701	342301
7702	428601
7704	570301
7711	786001
7712	298601
7716	363401
7717	797001
7718	289101
7719	368101
7720	457401
7721	253401
7722	658901
7723	1394801
7724	297101
7726	367201
7727	378201
7728	314501
7730	286201
7731	285601
7732	230801
7733	619301
7734	175801
7735	216001
7737	290701
7738	476701
7739	502601
7740	304801
7746	429101
7747	310301
7748	362901
7750	511801
7751	462801
7753	236901
7755	336901
7756	405901
7757	416701
7758	273701
7760	778801
7762	555101
7764	379601
7801	242601
7803	250801
7821	263101
7823	202601
7825	273601
7826	236401
7827	184401
7828	268301
7830	416201
7832	230401
7834	350001
7836	324901
7838	251401
7840	251001
7843	200501
7847	240601
7848	302401
7849	273001
7850	254101
7852	277201
7853	405401
7856	283901
7857	249501
7860	221101
7863	208601
7865	250201
7866	290201
7869	432401
7871	313101
7874	210401
7876	334001
7882	200001
7885	256501
7901	704801
7920	524001
7921	304701
7922	500301
7924	588201
7927	416401
7928	701801
7930	585101
7931	933301
7932	537401
7933	427501
7934	582601
7936	447001
7940	534401
7945	650201
7946	471701
7950	400001
7960	477701
7974	487901
7980	417301
7981	416901
8002	208001
8003	268301
8004	167901
8005	223001
8006	705201
8007	162101
8008	685701
8009	195201
8010	169901
8012	183701
8015	153701
8016	201601
8020	217401
8021	125701
8022	267801
8026	163601
8027	159801
8028	173601
8029	153401
8030	111001
8031	146001
8033	347701
8034	219201
8035	234901
8036	250501
8037	177401
8043	271101
8045	147001
8046	137501
8048	262201
8049	142401
8050	260501
8051	158801
8052	168601
8053	240901
8054	214001
8055	312801
8056	316101
8057	410001
8059	150001
8060	194601
8061	228801
8062	302001
8063	144601
8065	149601
8066	122401
8067	166301
8068	169901
8069	118701
8070	147401
8071	176201
8075	190401
8077	239901
8078	145101
8079	119301
8080	218501
8081	167201
8083	162101
8084	159101
8085	241601
8086	192701
8087	198501
8088	243101
8089	166401
8090	172301
8091	167801
8092	267901
8093	137601
8094	177801
8096	166201
8097	172501
8098	208001
8102	56001
8103	65101
8104	56901
8105	75701
8106	184201
8107	164501
8108	221301
8109	159801
8110	126401
8201	174701
8202	915801
8203	322301
8204	290401
8205	179601
8210	232201
8215	163201
8221	274801
8223	257201
8225	200301
8226	495501
8230	263201
8232	110401
8234	205001
8241	191201
8242	201801
8243	566401
8244	200101
8247	1057801
8251	150601
8260	271401
8270	229501
8302	135101
8310	161701
8311	152101
8312	155101
8317	201201
8318	187201
8319	193901
8322	184401
8326	149801
8328	170301
8330	166001
8332	132501
8341	146901
8343	209101
8344	166101
8345	128001
8349	111001
8360	145501
8361	185401
8401	154501
8402	426501
8403	687901
8406	269901
8501	354601
8502	557401
8505	220601
8510	488201
8512	394301
8514	358901
8515	382501
8518	179701
8520	228701
8525	393201
8527	282201
8530	335201
8533	306001
8534	393901
8535	487901
8536	327001
8540	523501
8542	441401
8550	571601
8551	420301
8554	143301
8558	637001
8559	388501
8560	373301
8562	281701
8609	88301
8610	168501
8611	83201
8618	119501
8619	213801
8620	231801
8628	221201
8629	103501
8638	135301
8648	250301
8690	250401
8691	345301
8701	214701
8721	230001
8722	204201
8723	229501
8724	230201
8730	588101
8731	224701
8732	320001
8733	182501
8734	264301
8735	540901
8736	492401
8738	1071301
8740	202401
8741	256301
8742	379301
8750	576401
8751	324701
8752	466101
8753	247701
8755	236201
8757	118201
8758	264901
8759	126001
8801	382201
8802	315701
8804	280401
8805	261501
8807	393101
8809	301001
8810	328601
8812	283201
8816	316301
8817	250901
8820	422001
8822	352501
8823	214901
8824	355401
8825	314201
8826	289301
8827	307301
8828	199201
8829	226401
8830	236401
8831	273001
8833	419701
8835	243001
8836	493101
8837	266701
8840	321101
8844	363401
8846	255501
8848	289501
8850	303201
8852	324701
8853	479301
8854	274601
8857	293001
8859	251001
8861	193901
8863	233401
8865	162301
8867	412601
8869	298501
8872	249501
8873	281401
8876	320601
8879	234201
8880	216201
8882	223401
8884	265501
8886	278701
8887	163301
8889	389501
8901	222101
8902	259301
8904	300401
