10001	1499301
10002	705801
10003	1224101
10004	1094201
10005	890001
10007	1769201
10009	897801
10013	2160901
10025	765101
10027	635001
10029	586801
10030	483701
10031	452401
10036	877201
10280	580001
10301	384701
10302	307901
10303	259701
10304	355701
10305	364901
10306	390601
10307	453701
10308	392601
10309	437601
10310	364001
10312	405101
10314	368701
10456	235701
10459	260601
10462	110801
10463	445701
10464	416801
10465	383301
10466	311901
10467	280301
10469	339801
10471	659901
10473	308301
10502	496801
10504	953201
10506	954401
10507	513801
10509	284101
10510	597101
10512	250801
10514	785501
10516	414401
10518	486201
10520	436601
10522	520701
10523	366301
10524	405101
10526	468501
10528	882601
10530	428201
10532	422701
10533	619701
10536	594901
10537	194701
10538	898001
10541	321301
10543	589701
10546	519601
10547	277401
10548	304401
10549	545401
10550	263501
10552	383301
10553	296301
10560	506401
10562	324801
10566	229801
10567	302601
10570	514501
10573	462901
10576	772301
10577	1435801
10579	328801
10580	1232901
10583	823001
10588	304501
10589	343101
10590	537201
10591	448401
10594	487001
10595	465701
10598	342801
10601	335701
10603	373601
10604	530601
10605	568901
10606	411101
10607	405801
10701	323901
10703	299701
10704	339201
10705	356101
10706	587201
10707	463201
10708	678501
10709	538301
10710	399501
10801	418601
10803	647301
10804	621501
10805	418301
10901	310701
10913	450301
10916	284801
10917	284001
10918	243501
10920	379501
10921	220001
10923	303601
10924	252601
10925	198601
10926	182501
10928	199801
10930	263201
10940	162701
10941	208001
10950	221401
10954	347301
10956	437701
10958	222301
10960	454901
10962	415001
10963	201401
10964	593001
10965	406501
10968	650701
10970	371001
10973	237101
10974	228201
10980	323401
10983	416701
10984	339201
10986	366101
10987	398101
10989	349101
10990	268301
10992	239001
10993	204201
10994	443801
10998	259601
11001	454701
11003	298201
11004	489301
11010	365001
11020	876701
11021	851001
11023	838101
11024	1546001
11030	1123401
11040	483501
11050	731201
11096	334701
11101	623601
11103	528701
11105	555301
11106	437901
11201	733701
11203	348801
11204	569101
11205	423201
11207	291901
11208	298001
11209	681101
11210	508201
11211	566101
11212	286001
11214	503901
11215	706701
11216	422401
11217	736801
11218	563501
11220	502601
11221	399701
11222	543301
11224	425901
11225	653101
11226	435201
11228	619401
11229	506701
11230	688801
11231	703401
11232	384401
11234	438501
11235	560601
11236	345301
11238	540301
11249	577501
11354	458401
11355	509301
11356	449901
11357	641501
11358	597301
11360	618301
11361	593101
11362	697801
11363	842601
11364	638001
11365	580901
11366	608901
11367	503101
11368	347301
11369	425901
11370	450001
11372	404001
11373	421401
11374	507701
11375	683001
11377	483101
11378	460701
11379	507601
11385	419501
11411	354901
11412	338301
11413	355901
11414	530401
11415	408001
11416	325201
11417	351401
11418	375501
11419	348701
11420	347401
11421	346001
11422	349701
11423	386101
11426	446101
11427	432901
11428	363201
11429	346901
11432	528101
11433	309901
11434	310901
11435	330501
11436	286101
11501	407301
11507	527001
11509	829601
11510	317701
11514	411501
11516	524801
11518	375701
11520	285401
11530	671901
11542	438101
11545	808701
11550	254301
11552	350401
11553	270401
11554	354001
11557	519101
11558	375401
11559	937701
11560	664901
11561	445101
11563	365301
11565	373401
11566	431701
11568	1846201
11569	725401
11570	566101
11572	398601
11575	260501
11576	867601
11577	687701
11579	595701
11580	324301
11581	371601
11590	350501
11596	485701
11598	592601
11691	361101
11692	271401
11693	309001
11694	693401
11701	254301
11702	370301
11703	291901
11704	283601
11705	386001
11706	249401
11709	465701
11710	393401
11713	260101
11714	362801
11716	344501
11717	212201
11718	413801
11719	313401
11720	271501
11721	477801
11722	199401
11724	1019101
11725	391501
11726	238301
11727	242301
11729	286401
11730	364401
11731	397501
11732	546401
11733	435401
11735	337901
11738	285701
11739	607301
11740	422401
11741	317701
11742	299701
11743	504801
11746	392001
11747	497701
11749	260501
11751	317601
11752	308601
11753	630701
11754	379701
11755	332401
11756	303801
11757	277101
11758	384301
11762	400101
11763	233501
11764	351701
11766	354901
11767	380701
11768	562401
11769	366701
11771	768801
11772	239601
11776	277501
11777	407401
11778	246201
11779	281701
11780	405201
11782	367001
11783	383601
11784	241301
11786	354601
11787	405001
11788	399501
11789	237901
11790	366401
11791	539001
11792	350201
11793	380901
11795	359201
11796	323401
11797	827401
11798	217201
11801	341701
11803	455401
11804	488901
11901	280201
11932	1668601
11933	310901
11934	308201
11935	580101
11937	905601
11939	552101
11940	322301
11941	383601
11942	497801
11944	405401
11946	385501
11948	444701
11949	337401
11950	180701
11951	164701
11952	461501
11953	224701
11954	734701
11955	264001
11957	678001
11958	623301
11959	1179201
11960	1052201
11961	211501
11967	199801
11971	515801
11976	2133701
11977	649601
11980	227601
12009	216401
12018	201601
12019	255401
12020	210601
12023	167701
12025	140201
12027	215601
12032	179001
12033	182701
12043	124501
12047	157901
12053	181701
12054	242001
12057	141701
12059	182701
12061	200701
12062	163801
12065	255001
12066	122601
12074	186201
12076	113301
12077	256601
12078	80801
12084	236001
12090	116501
12093	124901
12094	168701
12095	94701
12110	218501
12116	116601
12117	134101
12118	219201
12121	188801
12122	115101
12123	160001
12134	176001
12137	158601
12138	152001
12140	173501
12143	159801
12144	159501
12148	306701
12149	109001
12154	161201
12157	128601
12158	192301
12159	328801
12168	168201
12170	186501
12180	155501
12182	128601
12185	157701
12186	223001
12188	196201
12189	151401
12196	200701
12197	97801
12198	171401
12202	85401
12203	176501
12204	169201
12205	177901
12206	98001
12208	167701
12209	140701
12210	124401
12211	268201
12302	167601
12303	165701
12304	113401
12306	145001
12308	112401
12309	215001
12401	153301
12404	197401
12409	299001
12428	122101
12429	161101
12440	199401
12443	186801
12446	147501
12449	170101
12458	116501
12461	207201
12466	190401
12472	169801
12477	180901
12481	211301
12484	212401
12486	183601
12487	179401
12491	197101
12498	258001
12518	250801
12520	264201
12525	236501
12528	208601
12542	209801
12543	150301
12547	220701
12549	218601
12550	182601
12553	205201
12561	241401
12563	222501
12566	191501
12575	262801
12577	252901
12586	195401
12589	215001
12729	150501
12740	155501
12771	147201
12780	167201
12801	129801
12803	153101
12804	197501
12809	132701
12814	360301
12815	259801
12816	144101
12817	235501
12822	144601
12824	309301
12828	123001
12831	224301
12832	108001
12833	214701
12834	154301
12835	166801
12836	363301
12839	117301
12845	277001
12846	177201
12850	199601
12859	216501
12865	117901
12866	278601
12870	179901
12871	155601
12883	115801
12885	143801
12887	81301
12901	126001
12903	117201
12910	80001
12912	91301
12918	103001
12919	96301
12920	74501
12921	118301
12928	94401
12932	121001
12935	96501
12937	54401
12941	137301
12942	235101
12944	86301
12946	222901
12953	71501
12958	93101
12962	128301
12972	133101
12979	110301
12981	99801
12983	154601
12986	103401
12992	102401
12993	139301
12996	126001
13021	105301
13027	136701
13029	136201
13030	113101
13031	138401
13032	97801
13033	86501
13034	133501
13035	192601
13036	109801
13037	112101
13039	151701
13040	85401
13042	112201
13044	117601
13045	102301
13053	146701
13057	113801
13060	132301
13063	137901
13066	182101
13068	146501
13069	78201
13073	120301
13074	84101
13076	101701
13077	110401
13078	205901
13080	116201
13082	120201
13083	87901
13084	147801
13088	113801
13092	102301
13101	83801
13104	198601
13108	155901
13110	154301
13112	126501
13114	90801
13116	116301
13118	116001
13120	76101
13126	85001
13131	86201
13132	119101
13135	103601
13140	86601
13142	100401
13143	76501
13145	101701
13148	88301
13152	256601
13156	96501
13159	159301
13160	129201
13164	139401
13165	74101
13166	107101
13203	76101
13204	64901
13205	63401
13206	80101
13207	71801
13208	71701
13209	102001
13210	123601
13211	76401
13212	103401
13214	139101
13215	171901
13219	118401
13224	131801
13304	139401
13308	100501
13309	101701
13316	84001
13320	95901
13323	149201
13326	219201
13332	79301
13338	113301
13346	163801
13354	129701
13363	124901
13403	140001
13408	101201
13409	83501
13411	67601
13413	135801
13417	97001
13421	97301
13424	113901
13425	80401
13438	110001
13439	97801
13440	87401
13456	132001
13460	87301
13461	123301
13471	86801
13476	114001
13478	94301
13480	101401
13490	115001
13491	88001
13492	120401
13493	75101
13495	87401
13501	88501
13502	84201
13601	130701
13605	129401
13607	123901
13612	153701
13617	102501
13618	145801
13619	124901
13622	145501
13624	145601
13634	138901
13637	143101
13642	72201
13646	89401
13650	116001
13656	117001
13658	73801
13662	79201
13667	70501
13668	69001
13669	61501
13676	87401
13679	147101
13685	185001
13691	131201
13730	91001
13732	122401
13733	86101
13734	91401
13746	96001
13748	115301
13760	109201
13778	103101
13787	92801
13790	74001
13795	95401
13803	96001
13811	100301
13812	90901
13815	80401
13820	115101
13825	117401
13827	103601
13830	79701
13833	107101
13850	129001
13862	97001
13865	102901
13901	101801
13903	99101
13904	74901
13905	101601
14001	138601
14004	146301
14005	99301
14006	94801
14012	106101
14020	87801
14025	149901
14028	129301
14030	127001
14036	120501
14040	125801
14042	78401
14048	57401
14058	90301
14062	76701
14065	75101
14067	105901
14070	67601
14080	141001
14081	94301
14092	156401
14094	109301
14098	83101
14101	77001
14103	67201
14105	85101
14108	94201
14120	114901
14125	88001
14131	127301
14132	129801
14136	78401
14138	62701
14141	119501
14143	111501
14171	90801
14172	122401
14174	150201
14201	99801
14212	57301
14214	95101
14216	119901
14218	82401
14301	39101
14303	38601
14304	82801
14305	58501
14411	75301
14414	131601
14416	112901
14420	122301
14422	103101
14423	114201
14428	138301
14435	136101
14437	79901
14445	89901
14450	175101
14454	155801
14464	108901
14467	127901
14468	130901
14470	93101
14472	208201
14476	103401
14477	114801
14481	100501
14482	99401
14485	126701
14487	136101
14506	231101
14510	76901
14514	149601
14517	73701
14521	89701
14525	99601
14526	164201
14533	101501
14534	230001
14541	162501
14543	160701
14546	122101
14559	136401
14560	93701
14572	81501
14580	172001
14586	150601
14605	39101
14606	92901
14607	156301
14608	53001
14609	82201
14610	143101
14611	49501
14612	126901
14613	52101
14615	76801
14616	89001
14617	116601
14618	179601
14619	62901
14620	117301
14621	45901
14622	97401
14623	109901
14624	120801
14625	164801
14626	125501
14701	57701
14706	94001
14710	104001
14712	159201
14715	50401
14716	74301
14718	82801
14719	67001
14724	99701
14727	69501
14733	61001
14735	59301
14737	62701
14738	80001
14739	51901
14741	108001
14747	65401
14750	101801
14755	63501
14757	116601
14760	55901
14770	67401
14775	62601
14781	80701
14782	71901
14787	76601
14801	71701
14806	55501
14807	76201
14809	77601
14812	83001
14813	55001
14814	164401
14817	135301
14826	69001
14830	95101
14840	190701
14843	63301
14845	126501
14850	202101
14865	100701
14867	131401
14870	120101
14871	124101
14873	80401
14879	82201
14880	60001
14882	163301
14883	102101
14886	164401
14891	106301
14892	83801
14895	51001
14901	62801
14903	90601
14904	61901
14905	113001
6001	348101
6002	181601
6010	176801
6013	297001
6016	230001
6018	173601
6019	208801
6021	219601
6026	241301
6027	228701
6029	236001
6031	267201
6032	271801
6033	302401
6035	241601
6037	255801
6039	407001
6040	168001
6042	160701
6043	247101
6051	118601
6052	169201
6053	133101
6057	242401
6058	295201
6060	358201
6062	180901
6063	223701
6066	180101
6067	231001
6068	391901
6069	359301
6070	294701
6071	282701
6073	368501
6074	232801
6076	180401
6078	266301
6081	195401
6082	170801
6084	246701
6085	258101
6088	170601
6089	266701
6092	342601
6093	287401
6095	191101
6096	167401
6098	152201
6105	112401
6106	86201
6107	335301
6108	141801
6109	231001
6110	189601
6111	202101
6112	92601
6114	93101
6117	316001
6118	154901
6119	234201
6120	95101
6226	127701
6231	250301
6232	235201
6234	192101
6235	177301
6237	235401
6238	214601
6239	151201
6241	165901
6242	213301
6247	193901
6248	261801
6249	204201
6250	205101
6254	202301
6255	153501
6256	156601
6259	233801
6260	151501
6268	227201
6277	178301
6278	186001
6279	212301
6280	181101
6281	217801
6282	180501
6320	145701
6330	177401
6331	191501
6333	282401
6334	201001
6335	206301
6339	194001
6340	194601
6351	181501
6354	153601
6355	261801
6357	249901
6359	234801
6360	145001
6365	212401
6370	192001
6371	350701
6374	151201
6375	198901
6377	182901
6378	381901
6379	238801
6382	164401
6384	206501
6385	224201
6401	188501
6403	212201
6405	264501
6410	282901
6412	282301
6413	245401
6415	229001
6416	199401
6417	237401
6418	173901
6419	354801
6420	239101
6422	287901
6423	252601
6424	222901
6426	418701
6437	347801
6438	278401
6442	285901
6443	402001
6447	268401
6450	151701
6451	148301
6455	240301
6457	195301
6460	250201
6461	270701
6468	320701
6469	208201
6470	372201
6471	235401
6472	259401
6473	254701
6475	340401
6477	330701
6478	318001
6479	243101
6480	219501
6481	220501
6482	327901
6483	209001
6484	300101
6488	270401
6489	258101
6492	228801
6498	340501
6511	192901
6512	179401
6513	143801
6514	161701
6515	204001
6516	164001
6517	219501
6518	235301
6519	111301
6524	323101
6525	383101
6604	140501
6605	167801
6606	139501
6607	115401
6608	116401
6610	117701
6611	347401
6612	546501
6614	219801
6615	172901
6704	94001
6705	103401
6706	104201
6708	120701
6710	116501
6712	255801
6716	209101
6750	235901
6751	269801
6752	426601
6754	316901
6756	314901
6757	284001
6759	298001
6762	265401
6763	280001
6770	162801
6776	248801
6777	396501
6778	217601
6779	167801
6782	169401
6783	579101
6784	406701
6786	159601
6787	172801
6790	139901
6791	240401
6793	590801
6794	454301
6795	239801
6796	384201
6798	279701
6801	278501
6804	317101
6807	883201
6810	209901
6811	270201
6812	313701
6820	1238501
6824	567301
6825	392701
6830	1321301
6831	1160401
6840	1228601
6850	320801
6851	357601
6853	875001
6854	281201
6855	361101
6870	1113301
6877	582601
6878	1149601
6880	964901
6883	780801
6890	806601
6896	544201
6897	697201
6901	206401
6902	334301
6903	666601
6905	451001
6906	362301
6907	391701
7001	212701
7002	271801
7003	248301
7004	420801
7005	363301
7006	441201
7008	203901
7009	398801
7010	346301
7011	241801
7012	298001
7013	299301
7014	285901
7016	400201
7017	171401
7018	166201
7020	428601
7021	748301
7022	301501
7023	365001
7024	434301
7026	271001
7027	327001
7028	489401
7029	279001
7030	454101
7031	290501
7032	258901
7033	299201
7034	258001
7035	291301
7036	219001
7039	491501
7040	392301
7041	625501
7042	393101
7043	562401
7044	364301
7045	492201
7046	630701
7047	262601
7050	182701
7052	291501
7054	394801
7055	218901
7057	326901
7058	517301
7059	642201
7060	199701
7062	172401
7063	170201
7064	230001
7065	210801
7066	343701
7067	285201
7068	472801
7069	613801
7070	362301
7071	312701
7072	281301
7073	318601
7075	307201
7076	402401
7077	228701
7078	1119301
7079	440801
7080	264701
7081	356001
7082	477001
7083	258101
7086	479801
7087	239501
7090	619601
7092	519101
7093	258101
7094	366601
7095	208301
7102	204601
7103	158001
7105	244401
7106	153901
7107	186701
7108	177601
7109	225801
7110	318601
7111	160401
7112	183001
7114	196601
7201	191101
7202	196901
7203	147001
7204	224601
7205	180601
7206	170801
7208	231401
7302	412201
7304	210101
7305	225501
7306	232301
7307	275601
7310	457401
7401	559401
7403	252401
7405	384701
7407	292801
7410	319101
7416	176901
7417	880701
7418	204801
7419	193001
7420	215901
7421	213201
7422	172601
7423	619301
7424	313001
7430	387501
7432	376401
7435	300901
7436	382701
7438	275301
7439	200601
7440	334601
7442	241601
7444	368401
7446	446601
7450	610501
7452	517801
7456	287401
7457	293101
7458	852301
7460	219001
7461	210901
7462	145101
7463	374201
7465	296701
7470	392401
7480	232801
7481	645301
7501	181801
7502	201101
7503	189201
7504	220601
7506	305201
7508	281301
7512	315601
7513	194101
7514	187801
7522	172701
7524	180101
7601	243901
7603	271901
7604	345501
7605	435701
7606	340401
7607	324601
7621	280901
7624	565501
7626	480901
7627	610101
7628	309501
7630	401201
7631	311901
7632	970601
7640	549401
7641	559401
7642	462601
7643	286801
7644	301401
7645	548201
7646	344301
7647	388101
7648	476101
7649	501101
7650	465301
7652	495201
7656	439801
7657	372801
7660	280701
7661	390601
7662	305401
7663	318301
7666	326801
7670	630301
7675	457601
7676	447001
7677	636001
7701	340401
7702	427701
7704	571001
7711	785301
7712	288001
7716	359201
7717	794801
7718	283401
7719	356301
7720	454201
7721	253901
7722	642701
7723	1400101
7724	291401
7726	361301
7727	380601
7728	307701
7730	279501
7731	275701
7732	224401
7733	589201
7734	167101
7735	206001
7737	284001
7738	471901
7739	518401
7740	293101
7746	428201
7747	297501
7748	354701
7750	517301
7751	457801
7753	228101
7755	329101
7756	396401
7757	415801
7758	270601
7760	785301
7762	552501
7764	374701
7801	235201
7803	237501
7821	256101
7823	190401
7825	264301
7826	233101
7827	166301
7828	255701
7830	398701
7832	226301
7834	337801
7836	318901
7838	236901
7840	237101
7843	192501
7847	229601
7848	278201
7849	259701
7850	244301
7852	263901
7853	402601
7856	276601
7857	250301
7860	213901
7863	195601
7865	235601
7866	278301
7869	430801
7871	303101
7874	207401
7876	325701
7882	193101
7885	247001
7901	692401
7920	521001
7921	303401
7922	492001
7924	582301
7927	404001
7928	694501
7930	569701
7931	917901
7932	536601
7933	425601
7934	584001
7936	447201
7940	530201
7945	637101
7946	469601
7950	391201
7960	468201
7974	487801
7980	421801
7981	405901
8002	193301
8003	253701
8004	160001
8005	216601
8006	699301
8007	158401
8008	680401
8009	181701
8010	160301
8012	174001
8015	149401
8016	194001
8020	212301
8021	116001
8022	251901
8026	158101
8027	158701
8028	167301
8029	148201
8030	101401
8031	141101
8033	338201
8034	204901
8035	238801
8036	252501
8037	170301
8043	257801
8045	143901
8046	130501
8048	246901
8049	133201
8050	252101
8051	152401
8052	160201
8053	235501
8054	211301
8055	300601
8056	303201
8057	375101
8059	138101
8060	187401
8061	219201
8062	293501
8063	140101
8065	145801
8066	115201
8067	162401
8068	159101
8069	115401
8070	140801
8071	169801
8075	187601
8077	226801
8078	137001
8079	113601
8080	214901
8081	156001
8083	157201
8084	153101
8085	228601
8086	187601
8087	182801
8088	234501
8089	159901
8090	167301
8091	149701
8092	263601
8093	130001
8094	173101
8096	160501
8097	176601
8098	202601
8102	60301
8103	63401
8104	55201
8105	72301
8106	176201
8107	154401
8108	210801
8109	149101
8110	117901
8201	168501
8202	903201
8203	309501
8204	275501
8205	168001
8210	224901
8215	164501
8221	253301
8223	242201
8225	188301
8226	493401
8230	253601
8232	93401
8234	197701
8241	190601
8242	190301
8243	560001
8244	186201
8247	975201
8251	147801
8260	261701
8270	208501
8302	125801
8310	164301
8311	141201
8312	149801
8317	185701
8318	182001
8319	184201
8322	183201
8326	139801
8328	158701
8330	159001
8332	127501
8341	146801
8343	196301
8344	157201
8345	134701
8349	112301
8360	138901
8361	177001
8401	143401
8402	424301
8403	694501
8406	258701
8501	346501
8502	555201
8505	221401
8510	478801
8512	387301
8514	365701
8515	366301
8518	169901
8520	223401
8525	376701
8527	276501
8530	325801
8533	319101
8534	392901
8535	483601
8536	325901
8540	520101
8542	405001
8550	562401
8551	411801
8554	138601
8558	635101
8559	369401
8560	365901
8562	270401
8609	80401
8610	158701
8611	77701
8618	114701
8619	205401
8620	221801
8628	210001
8629	92101
8638	127501
8648	236901
8690	239601
8691	334301
8701	223601
8721	223201
8722	201101
8723	222101
8724	222501
8730	551301
8731	217701
8732	318801
8733	180901
8734	256601
8735	539801
8736	481101
8738	1045501
8740	194401
8741	240601
8742	361201
8750	564901
8751	309401
8752	471001
8753	239201
8755	233201
8757	112901
8758	253401
8759	116301
8801	369901
8802	296801
8804	254501
8805	243101
8807	386401
8809	290201
8810	317301
8812	268601
8816	302701
8817	248601
8820	409301
8822	343301
8823	206501
8824	348001
8825	294701
8826	281601
8827	291401
8828	194401
8829	218401
8830	231801
8831	266401
8833	412901
8835	230801
8836	489601
8837	257601
8840	318501
8844	356601
8846	243701
8848	268901
8850	283701
8852	322201
8853	476401
8854	263501
8857	279901
8859	238501
8861	187001
8863	228901
8865	151001
8867	383901
8869	288501
8872	233101
8873	270801
8876	301001
8879	223101
8880	207901
8882	222901
8884	250301
8886	258401
8887	155701
8889	386101
8901	205401
8902	249301
8904	286401
