10001	1595501
10002	713101
10003	1271401
10004	1184301
10005	906701
10007	1897701
10009	902001
10013	2286901
10025	802701
10027	692001
10029	582901
10030	494601
10031	462001
10036	894101
10280	589301
10301	379401
10302	303801
10303	254601
10304	358601
10305	360301
10306	390401
10307	456201
10308	391901
10309	435901
10310	358501
10312	406501
10314	366601
10456	231601
10459	260201
10462	111901
10463	470401
10464	426401
10465	393001
10466	314901
10467	280201
10469	340701
10471	652501
10473	308501
10502	511201
10504	987801
10506	975601
10507	509901
10509	282401
10510	614401
10512	246501
10514	769201
10516	408501
10518	499301
10520	419901
10522	544601
10523	361801
10524	402901
10526	469501
10528	904501
10530	443401
10532	429001
10533	631001
10536	600201
10537	196801
10538	906801
10541	318401
10543	586701
10546	539701
10547	285801
10548	288301
10549	532301
10550	260301
10552	390501
10553	289701
10560	511701
10562	322201
10566	225401
10567	307301
10570	532901
10573	466701
10576	787401
10577	1446301
10579	316301
10580	1414001
10583	853201
10588	302301
10589	339701
10590	563601
10591	456401
10594	492301
10595	462501
10598	344101
10601	326401
10603	363801
10604	534301
10605	575901
10606	406001
10607	413801
10701	330201
10703	304501
10704	343101
10705	373401
10706	590001
10707	465101
10708	697601
10709	556601
10710	389901
10801	419301
10803	652601
10804	644401
10805	425101
10901	311401
10913	444501
10916	280101
10917	277701
10918	237801
10920	367901
10921	216801
10923	301701
10924	253001
10925	191201
10926	179301
10928	188201
10930	253601
10940	160301
10941	207301
10950	218201
10954	344301
10956	440201
10958	220701
10960	445401
10962	406401
10963	189401
10964	577101
10965	406301
10968	624301
10970	371101
10973	234901
10974	224301
10980	324201
10983	408201
10984	337201
10986	376301
10987	388901
10989	343601
10990	268401
10992	231001
10993	209301
10994	442301
10998	258001
11001	457801
11003	294601
11004	482501
11010	364601
11020	878501
11021	858701
11023	855101
11024	1580501
11030	1145601
11040	484001
11050	743901
11096	318201
11101	636901
11103	563801
11105	573801
11106	438101
11201	777701
11203	355801
11204	596901
11205	460301
11207	288301
11208	294401
11209	706601
11210	510201
11211	612301
11212	298801
11214	512401
11215	761501
11216	444501
11217	786601
11218	597801
11220	516701
11221	426101
11222	581001
11224	433701
11225	672401
11226	460201
11228	635201
11229	522001
11230	706801
11231	741701
11232	389501
11234	448801
11235	564201
11236	349101
11238	568501
11249	618601
11354	466001
11355	517001
11356	447601
11357	646701
11358	593801
11360	615101
11361	589501
11362	696601
11363	848901
11364	632401
11365	579501
11366	618201
11367	504401
11368	354101
11369	423801
11370	467301
11372	405801
11373	422201
11374	509901
11375	682801
11377	500401
11378	457501
11379	506401
11385	421601
11411	358801
11412	349801
11413	360201
11414	526301
11415	405601
11416	327501
11417	348001
11418	375501
11419	346801
11420	353201
11421	351001
11422	351101
11423	385101
11426	453701
11427	438601
11428	375301
11429	353201
11432	533001
11433	306401
11434	320801
11435	334101
11436	286701
11501	413101
11507	533801
11509	831601
11510	318501
11514	418301
11516	519301
11518	380401
11520	279801
11530	678101
11542	431501
11545	843101
11550	255401
11552	348801
11553	265501
11554	359801
11557	516201
11558	372301
11559	940101
11560	663601
11561	463701
11563	356901
11565	379401
11566	442101
11568	1884601
11569	692101
11570	565501
11572	401701
11575	252701
11576	882301
11577	704201
11579	591501
11580	320701
11581	368401
11590	351401
11596	489901
11598	607701
11691	356401
11692	275701
11693	315201
11694	703801
11701	246201
11702	367701
11703	292101
11704	281801
11705	375301
11706	252501
11709	464701
11710	397101
11713	255401
11714	363801
11716	350101
11717	218601
11718	437901
11719	313401
11720	281201
11721	489801
11722	195401
11724	1019701
11725	398501
11726	238101
11727	239501
11729	288801
11730	371101
11731	400801
11732	564501
11733	434901
11735	342101
11738	284401
11739	609501
11740	425701
11741	316701
11742	296801
11743	511101
11746	393501
11747	507201
11749	257201
11751	315901
11752	311001
11753	640901
11754	376401
11755	339301
11756	303101
11757	277801
11758	389801
11762	395601
11763	232901
11764	342001
11766	365201
11767	377401
11768	565801
11769	362801
11771	775401
11772	239901
11776	277901
11777	401601
11778	248701
11779	283501
11780	404201
11782	372701
11783	383701
11784	243101
11786	352901
11787	400601
11788	401701
11789	242701
11790	371401
11791	544001
11792	345601
11793	389201
11795	361901
11796	326801
11797	829501
11798	225101
11801	341501
11803	474301
11804	497501
11901	281801
11932	1696701
11933	310301
11934	314901
11935	580801
11937	907501
11939	554801
11940	344101
11941	385901
11942	499101
11944	400401
11946	389601
11948	470001
11949	341901
11950	182401
11951	157701
11952	472001
11953	230001
11954	770501
11955	268901
11957	744801
11958	638401
11959	1240001
11960	1048101
11961	210201
11967	202501
11971	522601
11976	2180501
11977	661301
11980	223301
12009	218001
12018	203501
12019	256601
12020	212801
12023	161601
12025	139401
12027	218101
12032	173701
12033	183701
12043	123201
12047	159601
12053	184001
12054	245201
12057	141401
12059	177201
12061	206101
12062	167501
12065	254301
12066	119901
12074	186901
12076	103901
12077	260601
12078	82901
12084	240601
12090	115501
12093	120501
12094	168701
12095	95301
12110	219201
12116	114401
12117	138001
12118	219101
12121	178801
12122	114401
12123	161901
12134	178601
12137	159101
12138	153901
12140	185801
12143	160001
12144	159601
12148	305801
12149	107301
12154	165301
12157	121001
12158	193701
12159	327601
12168	170601
12170	182601
12180	155201
12182	131901
12185	158701
12186	225001
12188	192501
12189	150001
12196	200901
12197	100601
12198	176201
12202	83701
12203	178801
12204	169201
12205	181201
12206	99701
12208	167801
12209	143501
12210	132801
12211	270101
12302	166301
12303	166101
12304	112501
12306	144601
12308	111701
12309	214201
12401	148501
12404	193001
12409	292701
12428	116201
12429	161101
12440	194201
12443	185901
12446	144001
12449	167901
12458	113501
12461	204101
12466	189401
12472	164501
12477	175801
12481	202401
12484	205001
12486	178101
12487	180901
12491	197201
12498	258601
12518	245601
12520	251601
12525	227201
12528	200901
12542	205701
12543	141801
12547	218401
12549	215801
12550	179801
12553	199301
12561	235701
12563	225401
12566	190401
12575	256601
12577	246901
12586	187901
12589	211301
12729	149001
12740	148001
12771	143701
12780	167001
12801	129201
12803	151601
12804	197201
12809	133601
12814	354201
12815	253701
12816	142101
12817	232501
12822	147801
12824	302001
12828	122601
12831	224301
12832	106101
12833	211301
12834	153801
12835	172501
12836	359801
12839	116401
12845	273601
12846	172601
12850	191201
12859	214001
12865	114801
12866	280401
12870	166201
12871	152001
12883	110901
12885	143801
12887	81901
12901	125501
12903	120801
12910	80701
12912	90401
12918	98301
12919	91001
12920	74701
12921	120001
12928	97401
12932	109601
12935	97701
12937	53701
12941	135401
12942	220801
12944	86901
12946	205301
12953	72501
12958	86401
12962	127001
12972	138001
12979	110001
12981	99101
12983	153801
12986	101201
12992	103801
12993	129501
12996	119101
13021	105101
13027	137201
13029	136201
13030	117901
13031	139301
13032	98301
13033	86701
13034	136801
13035	194601
13036	109901
13037	113301
13039	150101
13040	86601
13042	111701
13044	114501
13045	103301
13053	146901
13057	111401
13060	132601
13063	139801
13066	184501
13068	148501
13069	77101
13073	123301
13074	83801
13076	100701
13077	112801
13078	205101
13080	114601
13082	123401
13083	84301
13084	149701
13088	113301
13092	111501
13101	87701
13104	200701
13108	154001
13110	157401
13112	127501
13114	96801
13116	120201
13118	119001
13120	77001
13126	84001
13131	85001
13132	119201
13135	105601
13140	87801
13142	98901
13143	77201
13145	102001
13148	87801
13152	263401
13156	97101
13159	160401
13160	126701
13164	141401
13165	75501
13166	107101
13203	75101
13204	64801
13205	62601
13206	80701
13207	72501
13208	70301
13209	102601
13210	122501
13211	77901
13212	105401
13214	143701
13215	171401
13219	117301
13224	134101
13304	139901
13308	94901
13309	104301
13316	85101
13320	107201
13323	151101
13326	214901
13332	81101
13338	111501
13346	164901
13354	133901
13363	121401
13403	146201
13408	104401
13409	90001
13411	68601
13413	140001
13417	98901
13421	97301
13424	112701
13425	88001
13438	113301
13439	102301
13440	87401
13456	134001
13460	86801
13461	121401
13471	88201
13476	112501
13478	96901
13480	102701
13490	112901
13491	94301
13492	120401
13493	76701
13495	85701
13501	89101
13502	85901
13601	131101
13605	133101
13607	124101
13612	155501
13617	96701
13618	146201
13619	122201
13622	149701
13624	148701
13634	144101
13637	143501
13642	72101
13646	83501
13650	120701
13656	122401
13658	72401
13662	79501
13667	71001
13668	69201
13669	64001
13676	91001
13679	142501
13685	180601
13691	134201
13730	87201
13732	123201
13733	84401
13734	90901
13746	105201
13748	115401
13760	112201
13778	103801
13787	99401
13790	75001
13795	94301
13803	95901
13811	99101
13812	95401
13815	86601
13820	116201
13825	117701
13827	103201
13830	83001
13833	111501
13850	133001
13862	105501
13865	111501
13901	104701
13903	100901
13904	77201
13905	102601
14001	145501
14004	150801
14005	100701
14006	95601
14012	107201
14020	86401
14025	153601
14028	128201
14030	130301
14036	118701
14040	128301
14042	82101
14048	56901
14058	89401
14062	83301
14065	81101
14067	105801
14070	70901
14080	149201
14081	97201
14092	159901
14094	110101
14098	80201
14101	79001
14103	67301
14105	83701
14108	93901
14120	116301
14125	84901
14131	129001
14132	131401
14136	81401
14138	64001
14141	118901
14143	107601
14171	88701
14172	125801
14174	152501
14201	104301
14212	56901
14214	100101
14216	125501
14218	80401
14301	39701
14303	37201
14304	82201
14305	57101
14411	75501
14414	133401
14416	111701
14420	123801
14422	100301
14423	114901
14428	138401
14435	135301
14437	79701
14445	91701
14450	176401
14454	155801
14464	109701
14467	128201
14468	132001
14470	93301
14472	209501
14476	106501
14477	119301
14481	97701
14482	98801
14485	129101
14487	135001
14506	229301
14510	74501
14514	148301
14517	73801
14521	91301
14525	102701
14526	166201
14533	99601
14534	232101
14541	156401
14543	162301
14546	124201
14559	136501
14560	91101
14572	80001
14580	172101
14586	150801
14605	41201
14606	92301
14607	159101
14608	54201
14609	82301
14610	147901
14611	50201
14612	127101
14613	52801
14615	77001
14616	88901
14617	116401
14618	178601
14619	63101
14620	118401
14621	46501
14622	97601
14623	110701
14624	119801
14625	161901
14626	126401
14701	58401
14706	93801
14710	106401
14712	152301
14715	48001
14716	75701
14718	88001
14719	68201
14724	106001
14727	68601
14733	63101
14735	53901
14737	63701
14738	82701
14739	49101
14741	104001
14747	67501
14750	101901
14755	63801
14757	120301
14760	56101
14770	69101
14775	66501
14781	82901
14782	75801
14787	80301
14801	76501
14806	54201
14807	75501
14809	73601
14812	79301
14813	60801
14814	173301
14817	139001
14826	69601
14830	97701
14840	193801
14843	62401
14845	130101
14850	207501
14865	98301
14867	133501
14870	123801
14871	121601
14873	78501
14879	86801
14880	56901
14882	166901
14883	103101
14886	164701
14891	105101
14892	87001
14895	47801
14901	63701
14903	92101
14904	64001
14905	112401
6001	345701
6002	179701
6010	175101
6013	296901
6016	227701
6018	166901
6019	205001
6021	224501
6026	237601
6027	223801
6029	231601
6031	261601
6032	273201
6033	298001
6035	242301
6037	253701
6039	395101
6040	164001
6042	157501
6043	239101
6051	115901
6052	165301
6053	133201
6057	239701
6058	294101
6060	343201
6062	176701
6063	223701
6066	178801
6067	226801
6068	386201
6069	362201
6070	293501
6071	274701
6073	361801
6074	231901
6076	178901
6078	265401
6081	194501
6082	166801
6084	238901
6085	252001
6088	165701
6089	259001
6092	339601
6093	285901
6095	185701
6096	163601
6098	153201
6105	108801
6106	90501
6107	347401
6108	137101
6109	225401
6110	190801
6111	203001
6112	92601
6114	93401
6117	316401
6118	153501
6119	236501
6120	89401
6226	126401
6231	245701
6232	230801
6234	186101
6235	172601
6237	231601
6238	211201
6239	151701
6241	167101
6242	209501
6247	181601
6248	263201
6249	201001
6250	202801
6254	196701
6255	152601
6256	149701
6259	235301
6260	152201
6268	224601
6277	177001
6278	185801
6279	203201
6280	175701
6281	219401
6282	181901
6320	145301
6330	168001
6331	185401
6333	278901
6334	195001
6335	203701
6339	188901
6340	193301
6351	172001
6354	153501
6355	261501
6357	242401
6359	229801
6360	141801
6365	207801
6370	187001
6371	347101
6374	150301
6375	192601
6377	182801
6378	390501
6379	242701
6382	166401
6384	202101
6385	217701
6401	183201
6403	210901
6405	262201
6410	284101
6412	279701
6413	240501
6415	225201
6416	198701
6417	238101
6418	177801
6419	348001
6420	237001
6422	282001
6423	251801
6424	220501
6426	409301
6437	349801
6438	278001
6442	281701
6443	404401
6447	268201
6450	151601
6451	149601
6455	233401
6457	191801
6460	249401
6461	272601
6468	321001
6469	206201
6470	379001
6471	237401
6472	267101
6473	255201
6475	337001
6477	331401
6478	326201
6479	240801
6480	218701
6481	213901
6482	331501
6483	215001
6484	304101
6488	269801
6489	260601
6492	228801
6498	341901
6511	207001
6512	179501
6513	141101
6514	158701
6515	205401
6516	165901
6517	216101
6518	237301
6519	108501
6524	333701
6525	393201
6604	135001
6605	162501
6606	141001
6607	114001
6608	116701
6610	117301
6611	349701
6612	570001
6614	221601
6615	170901
6704	95501
6705	101801
6706	104601
6708	119801
6710	115901
6712	252401
6716	208401
6750	227201
6751	276401
6752	412201
6754	323101
6756	319101
6757	277501
6759	304001
6762	269801
6763	285301
6770	164001
6776	245301
6777	387201
6778	218301
6779	168701
6782	166501
6783	554701
6784	404901
6786	158501
6787	172001
6790	137201
6791	241501
6793	568201
6794	449401
6795	236501
6796	385901
6798	272201
6801	281401
6804	319301
6807	894001
6810	213101
6811	268001
6812	325601
6820	1254601
6824	590201
6825	388901
6830	1353201
6831	1173401
6840	1238501
6850	322201
6851	358001
6853	883401
6854	277301
6855	369101
6870	1150701
6877	586201
6878	1208301
6880	1000601
6883	796701
6890	816901
6896	544501
6897	705101
6901	210801
6902	343801
6903	694501
6905	453201
6906	367801
6907	412801
7001	212901
7002	277101
7003	254201
7004	403001
7005	367501
7006	445301
7008	208601
7009	394001
7010	350001
7011	235301
7012	293201
7013	295101
7014	279201
7016	404901
7017	172601
7018	166501
7020	429001
7021	761401
7022	305501
7023	381501
7024	447301
7026	262501
7027	330401
7028	501501
7029	288601
7030	474501
7031	284501
7032	271001
7033	298501
7034	262801
7035	293901
7036	214601
7039	494601
7040	406701
7041	613301
7042	403801
7043	568901
7044	359401
7045	494701
7046	624701
7047	272401
7050	191001
7052	289301
7054	402001
7055	208901
7057	327801
7058	527901
7059	634001
7060	197701
7062	173501
7063	161801
7064	229601
7065	210601
7066	348401
7067	287001
7068	465301
7069	584101
7070	360201
7071	314801
7072	295401
7073	321901
7075	305001
7076	409901
7077	225001
7078	1147001
7079	450201
7080	265701
7081	370301
7082	481901
7083	259501
7086	507901
7087	245301
7090	636901
7092	525401
7093	273701
7094	376201
7095	207101
7102	217001
7103	162101
7105	243501
7106	146901
7107	192401
7108	178701
7109	229201
7110	319901
7111	159901
7112	173101
7114	206101
7201	188601
7202	200501
7203	143401
7204	228001
7205	179701
7206	171701
7208	236101
7302	415801
7304	213501
7305	229901
7306	237601
7307	289601
7310	465501
7401	563201
7403	243701
7405	375501
7407	284201
7410	321401
7416	173901
7417	897301
7418	198401
7419	186101
7420	204801
7421	208801
7422	170101
7423	627001
7424	310001
7430	393801
7432	379701
7435	299601
7436	384501
7438	276401
7439	191901
7440	342801
7442	231201
7444	374401
7446	447901
7450	616601
7452	519201
7456	285701
7457	290701
7458	852601
7460	223101
7461	209301
7462	139701
7463	378601
7465	300601
7470	385901
7480	230301
7481	636101
7501	181101
7502	198301
7503	197801
7504	214801
7506	307801
7508	280201
7512	314201
7513	203501
7514	187401
7522	171101
7524	179901
7601	240201
7603	278001
7604	343401
7605	446501
7606	331601
7607	318801
7621	281201
7624	569201
7626	490901
7627	607401
7628	302201
7630	401601
7631	309201
7632	964901
7640	547501
7641	538501
7642	460901
7643	281601
7644	296601
7645	543301
7646	339201
7647	389201
7648	486501
7649	498501
7650	467901
7652	500401
7656	429901
7657	382201
7660	272301
7661	390101
7662	307501
7663	316101
7666	325901
7670	644301
7675	457001
7676	444601
7677	630301
7701	336301
7702	435201
7704	589301
7711	779201
7712	288201
7716	360801
7717	785801
7718	280201
7719	354601
7720	449101
7721	243801
7722	636001
7723	1438201
7724	293701
7726	363201
7727	377901
7728	310201
7730	278001
7731	274601
7732	221301
7733	609401
7734	163801
7735	205901
7737	286201
7738	473001
7739	515101
7740	295801
7746	429201
7747	299601
7748	347501
7750	497201
7751	459201
7753	226601
7755	328101
7756	383901
7757	413501
7758	270401
7760	773001
7762	541501
7764	372601
7801	236101
7803	239901
7821	251101
7823	186301
7825	260301
7826	223001
7827	168401
7828	254001
7830	404501
7832	222701
7834	338301
7836	315001
7838	233901
7840	233501
7843	187201
7847	222901
7848	261201
7849	256201
7850	242801
7852	259101
7853	402801
7856	275001
7857	253001
7860	209001
7863	190501
7865	229701
7866	272501
7869	444301
7871	300501
7874	201101
7876	327101
7882	182501
7885	243801
7901	714401
7920	523401
7921	299301
7922	501301
7924	586101
7927	398301
7928	698401
7930	577601
7931	920701
7932	547401
7933	419701
7934	583401
7936	460401
7940	545201
7945	641201
7946	460501
7950	400801
7960	470001
7974	495501
7980	410301
7981	408501
8002	191201
8003	254601
8004	158301
8005	213701
8006	686101
8007	157901
8008	686801
8009	176901
8010	156401
8012	172501
8015	145901
8016	190901
8020	212901
8021	112201
8022	258501
8026	161401
8027	157401
8028	164301
8029	145501
8030	98101
8031	138201
8033	341501
8034	200601
8035	238601
8036	250301
8037	171301
8043	256101
8045	138101
8046	134801
8048	245301
8049	133401
8050	249301
8051	147901
8052	156001
8053	234501
8054	207901
8055	298901
8056	294401
8057	372001
8059	130901
8060	184101
8061	217001
8062	289401
8063	131101
8065	141601
8066	110601
8067	161301
8068	157201
8069	111801
8070	135801
8071	165701
8075	188201
8077	226801
8078	134001
8079	113801
8080	215101
8081	155601
8083	153101
8084	158801
8085	226301
8086	183101
8087	180201
8088	237901
8089	160201
8090	166201
8091	150601
8092	260001
8093	126601
8094	170301
8096	156801
8097	167401
8098	195801
8102	65701
8103	66301
8104	54301
8105	71401
8106	177201
8107	153601
8108	212201
8109	150001
8110	118401
8201	168701
8202	904601
8203	311401
8204	276101
8205	167001
8210	220201
8215	166001
8221	257801
8223	248901
8225	186701
8226	502301
8230	255801
8232	89601
8234	193301
8241	189501
8242	189601
8243	568401
8244	188001
8247	1005201
8251	145401
8260	265501
8270	198601
8302	121201
8310	170201
8311	134501
8312	149301
8317	182301
8318	178901
8319	181901
8322	184801
8326	140001
8328	153501
8330	158301
8332	120701
8341	136701
8343	198501
8344	155101
8345	131601
8349	113501
8360	133901
8361	171101
8401	141401
8402	441601
8403	708501
8406	262201
8501	346701
8502	555301
8505	222901
8510	483601
8512	396701
8514	348801
8515	370201
8518	169001
8520	221101
8525	371601
8527	274701
8530	322901
8533	306801
8534	402301
8535	481201
8536	330601
8540	518401
8542	403801
8550	556401
8551	412201
8554	137101
8558	618401
8559	362001
8560	361701
8562	265201
8609	81201
8610	156401
8611	76301
8618	115301
8619	207101
8620	224701
8628	207701
8629	89701
8638	121901
8648	236101
8690	242301
8691	332801
8701	232701
8721	222001
8722	196101
8723	220701
8724	220301
8730	560101
8731	214501
8732	315201
8733	180301
8734	255301
8735	546301
8736	484101
8738	1045901
8740	190101
8741	243001
8742	366101
8750	558201
8751	316001
8752	470801
8753	238001
8755	231601
8757	113401
8758	258701
8759	117001
8801	370301
8802	307301
8804	250201
8805	236301
8807	381901
8809	284301
8810	328601
8812	266801
8816	305201
8817	250701
8820	413001
8822	338001
8823	201301
8824	349801
8825	299901
8826	280101
8827	292601
8828	182801
8829	218401
8830	234601
8831	278901
8833	404001
8835	223701
8836	492601
8837	259201
8840	322101
8844	355901
8846	245301
8848	271501
8850	287401
8852	329701
8853	470601
8854	266201
8857	288201
8859	242601
8861	186401
8863	231201
8865	146301
8867	385601
8869	281801
8872	234201
8873	268101
8876	296801
8879	221701
8880	212501
8882	221201
8884	250201
8886	250201
8887	151801
8889	379901
8901	210101
8902	249101
8904	297001
