10001	1609101
10002	723701
10003	1279901
10004	1203601
10005	913601
10007	1935001
10009	907501
10013	2312901
10025	812601
10027	699101
10029	585301
10030	499201
10031	470001
10036	897501
10280	591401
10301	379101
10302	303301
10303	253801
10304	358601
10305	360101
10306	390601
10307	456001
10308	392301
10309	436001
10310	358301
10312	405701
10314	366101
10456	230701
10459	261701
10462	114601
10463	469401
10464	428301
10465	394001
10466	315801
10467	279101
10469	340101
10471	649901
10473	308401
10502	513301
10504	995501
10506	982801
10507	511201
10509	280801
10510	615701
10512	245601
10514	768101
10516	408101
10518	505501
10520	421501
10522	543701
10523	360401
10524	402101
10526	465001
10528	909601
10530	440001
10532	432101
10533	638401
10536	602801
10537	196701
10538	914501
10541	316901
10543	585301
10546	544401
10547	285601
10548	289301
10549	531301
10550	259301
10552	392101
10553	287701
10560	515101
10562	323401
10566	225401
10567	308401
10570	536801
10573	467201
10576	799001
10577	1445201
10579	313201
10580	1420901
10583	857001
10588	301901
10589	344101
10590	570001
10591	459901
10594	491101
10595	459201
10598	345001
10601	324301
10603	360501
10604	536101
10605	580701
10606	403201
10607	411701
10701	332001
10703	306801
10704	343501
10705	374101
10706	587501
10707	463601
10708	700001
10709	555001
10710	387001
10801	420801
10803	654801
10804	648501
10805	429501
10901	309001
10913	447801
10916	280701
10917	278601
10918	236801
10920	368601
10921	216301
10923	300901
10924	253501
10925	190401
10926	179601
10928	186601
10930	253701
10940	160001
10941	208201
10950	218301
10954	344601
10956	442001
10958	221601
10960	446501
10962	407401
10963	187401
10964	578201
10965	405301
10968	621301
10970	370301
10973	235001
10974	218901
10980	323601
10983	407701
10984	337801
10986	380301
10987	390401
10989	343401
10990	268701
10992	230001
10993	208701
10994	444101
10998	259101
11001	457801
11003	295601
11004	481701
11010	365801
11020	878701
11021	861901
11023	860201
11024	1586401
11030	1148201
11040	485501
11050	744401
11096	312301
11101	644201
11103	572901
11105	579701
11106	446701
11201	784201
11203	355801
11204	599001
11205	471701
11207	289301
11208	294401
11209	708801
11210	506401
11211	620301
11212	300001
11214	510701
11215	770201
11216	451401
11217	796001
11218	602301
11220	519501
11221	431101
11222	582901
11224	442201
11225	677901
11226	464201
11228	635801
11229	521301
11230	705501
11231	749801
11232	390001
11234	448301
11235	561001
11236	347601
11238	574801
11249	627501
11354	477301
11355	517501
11356	450001
11357	648701
11358	595301
11360	615901
11361	590901
11362	695601
11363	844801
11364	632701
11365	580001
11366	621401
11367	505801
11368	355801
11369	423601
11370	465901
11372	406101
11373	425901
11374	509801
11375	679601
11377	504001
11378	459101
11379	506401
11385	423001
11411	360201
11412	352101
11413	360901
11414	525901
11415	404901
11416	327401
11417	347201
11418	375201
11419	347301
11420	355601
11421	350201
11422	352401
11423	387201
11426	455601
11427	438801
11428	377301
11429	354601
11432	536901
11433	304601
11434	323301
11435	335701
11436	289201
11501	416001
11507	535301
11509	831901
11510	319401
11514	420801
11516	521801
11518	380301
11520	279301
11530	679501
11542	436201
11545	844601
11550	255801
11552	348401
11553	265501
11554	361101
11557	515301
11558	370701
11559	944301
11560	668601
11561	462801
11563	356101
11565	381501
11566	443101
11568	1896201
11569	689701
11570	569601
11572	400501
11575	252801
11576	883701
11577	710401
11579	595601
11580	320901
11581	367401
11590	351701
11596	491601
11598	605601
11691	356601
11692	277401
11693	315001
11694	703301
11701	246501
11702	367701
11703	291601
11704	281001
11705	376101
11706	252101
11709	464201
11710	399901
11713	254401
11714	365301
11716	351401
11717	219401
11718	441201
11719	313901
11720	280501
11721	492601
11722	196301
11724	1029301
11725	397801
11726	239401
11727	239801
11729	287201
11730	371101
11731	400601
11732	565201
11733	434301
11735	342401
11738	283901
11739	605601
11740	425801
11741	316701
11742	297701
11743	513001
11746	394001
11747	515501
11749	256101
11751	317401
11752	311001
11753	644001
11754	375801
11755	338501
11756	302901
11757	277001
11758	391801
11762	394801
11763	232801
11764	340001
11766	366001
11767	377501
11768	566101
11769	363501
11771	784301
11772	240201
11776	277601
11777	399401
11778	247801
11779	282001
11780	404201
11782	373501
11783	384301
11784	242901
11786	352701
11787	400001
11788	404001
11789	242001
11790	372601
11791	545801
11792	346101
11793	390701
11795	362401
11796	328701
11797	831801
11798	226201
11801	342101
11803	479001
11804	498501
11901	282501
11932	1705501
11933	311101
11934	315501
11935	590501
11937	910901
11939	557501
11940	344901
11941	382701
11942	497701
11944	401701
11946	388801
11948	481901
11949	341901
11950	181801
11951	156401
11952	479501
11953	230301
11954	783201
11955	268401
11957	765901
11958	641201
11959	1244201
11960	1046901
11961	209001
11967	203501
11971	524501
11976	2201201
11977	666701
11980	222101
12009	219801
12018	203401
12019	256101
12020	213401
12023	160701
12025	139301
12027	218301
12032	171401
12033	184001
12043	123701
12047	160501
12053	184301
12054	246901
12057	142201
12059	178801
12061	208301
12062	166001
12065	254301
12066	118801
12074	186401
12076	102801
12077	260401
12078	83201
12084	241601
12090	115901
12093	119301
12094	169601
12095	94501
12110	219801
12116	115201
12117	137901
12118	218301
12121	179401
12122	115001
12123	163001
12134	178201
12137	158101
12138	153001
12140	189801
12143	160501
12144	160301
12148	306101
12149	107601
12154	166301
12157	119801
12158	193801
12159	327801
12168	168501
12170	181101
12180	155401
12182	132401
12185	159401
12186	226001
12188	191801
12189	149901
12196	202301
12197	100901
12198	177201
12202	83101
12203	179501
12204	169301
12205	181501
12206	100301
12208	167901
12209	143901
12210	133501
12211	269901
12302	166601
12303	165601
12304	112201
12306	145101
12308	111601
12309	214501
12401	148201
12404	194301
12409	290801
12428	116601
12429	162201
12440	195101
12443	186101
12446	144101
12449	167801
12458	114601
12461	205601
12466	189601
12472	163501
12477	174901
12481	203301
12484	205801
12486	178201
12487	182301
12491	197201
12498	257501
12518	246801
12520	250101
12525	228401
12528	200901
12542	206601
12543	141301
12547	218101
12549	215001
12550	179101
12553	199501
12561	236701
12563	226401
12566	189701
12575	257201
12577	246401
12586	186801
12589	211201
12729	149301
12740	146801
12771	144701
12780	167101
12801	128901
12803	151801
12804	196801
12809	134901
12814	352401
12815	250701
12816	141501
12817	232101
12822	148101
12824	303201
12828	122801
12831	224901
12832	106201
12833	211401
12834	154001
12835	171701
12836	358901
12839	116301
12845	273501
12846	172701
12850	190401
12859	213801
12865	114001
12866	280101
12870	167301
12871	151401
12883	109901
12885	144401
12887	82201
12901	125801
12903	121401
12910	81301
12912	90201
12918	96501
12919	89501
12920	75901
12921	119801
12928	97501
12932	108101
12935	98001
12937	55301
12941	134601
12942	220001
12944	87501
12946	202501
12953	72201
12958	86301
12962	126701
12972	138101
12979	109901
12981	101201
12983	150901
12986	101201
12992	103701
12993	129901
12996	119701
13021	104901
13027	136601
13029	136301
13030	118801
13031	138801
13032	98801
13033	86301
13034	138001
13035	195301
13036	109701
13037	113201
13039	149801
13040	86101
13042	111801
13044	114201
13045	102501
13053	147001
13057	111001
13060	132401
13063	139401
13066	184501
13068	148801
13069	77401
13073	123501
13074	84001
13076	101501
13077	111601
13078	204201
13080	114201
13082	124201
13083	84601
13084	149601
13088	112401
13092	113801
13101	87001
13104	200201
13108	153601
13110	156401
13112	126901
13114	97701
13116	120901
13118	119801
13120	76701
13126	83901
13131	84901
13132	119201
13135	105701
13140	88701
13142	99201
13143	77201
13145	100801
13148	87201
13152	262201
13156	97501
13159	159601
13160	126001
13164	140901
13165	75901
13166	107701
13203	75101
13204	64601
13205	62601
13206	80701
13207	72401
13208	70001
13209	102201
13210	122201
13211	78101
13212	104601
13214	143601
13215	171501
13219	117101
13224	134401
13304	139901
13308	95201
13309	104301
13316	85801
13320	110701
13323	151301
13326	216901
13332	80701
13338	111901
13346	164401
13354	134801
13363	122901
13403	147201
13408	104101
13409	91001
13411	72001
13413	142101
13417	99401
13421	97301
13424	112801
13425	88901
13438	113801
13439	101901
13440	87801
13456	134201
13460	87601
13461	121001
13471	90001
13476	112701
13478	97901
13480	104401
13490	112801
13491	94501
13492	120601
13493	77601
13495	86201
13501	89101
13502	86501
13601	131001
13605	133801
13607	123301
13612	154201
13617	95601
13618	145501
13619	121301
13622	149101
13624	148101
13634	144001
13637	143101
13642	72001
13646	83101
13650	120001
13656	122101
13658	72101
13662	79101
13667	71401
13668	69401
13669	64501
13676	91301
13679	141101
13685	179601
13691	133501
13730	86301
13732	124301
13733	84801
13734	90701
13746	107601
13748	115401
13760	113201
13778	103801
13787	101001
13790	75901
13795	94601
13803	95501
13811	99101
13812	96401
13815	87501
13820	116801
13825	118001
13827	103201
13830	83701
13833	114301
13850	133601
13862	108501
13865	113701
13901	106501
13903	101401
13904	77801
13905	103501
14001	145901
14004	150301
14005	101701
14006	95101
14012	107201
14020	86101
14025	154701
14028	127601
14030	129301
14036	119401
14040	129501
14042	82701
14048	56901
14058	89201
14062	84601
14065	81201
14067	105001
14070	71501
14080	149401
14081	98501
14092	161101
14094	109701
14098	80001
14101	79401
14103	67401
14105	83501
14108	93801
14120	116501
14125	84201
14131	128701
14132	131701
14136	81701
14138	65301
14141	118001
14143	106701
14171	87801
14172	125301
14174	152001
14201	105201
14212	56401
14214	100401
14216	126901
14218	79701
14301	39801
14303	37301
14304	82001
14305	57201
14411	75801
14414	133301
14416	111401
14420	124001
14422	100001
14423	115401
14428	138301
14435	136301
14437	79201
14445	92001
14450	177101
14454	156001
14464	109701
14467	128201
14468	132201
14470	93801
14472	210201
14476	106101
14477	119101
14481	97401
14482	99101
14485	129301
14487	134701
14506	229701
14510	74001
14514	148601
14517	74301
14521	90701
14525	102601
14526	166401
14533	100601
14534	232601
14541	154501
14543	162601
14546	124401
14559	136801
14560	89701
14572	79901
14580	172301
14586	150701
14605	41301
14606	92301
14607	159701
14608	54501
14609	82301
14610	148101
14611	50301
14612	127201
14613	52701
14615	77001
14616	88801
14617	116401
14618	179001
14619	63501
14620	118901
14621	46501
14622	97601
14623	110801
14624	119501
14625	161801
14626	126501
14701	58601
14706	94701
14710	107601
14712	154101
14715	47601
14716	76201
14718	88401
14719	68301
14724	105001
14727	68401
14733	62501
14735	53401
14737	63401
14738	82401
14739	47901
14741	106301
14747	67601
14750	103101
14755	64201
14757	121601
14760	56201
14770	69701
14775	67301
14781	83401
14782	76101
14787	80501
14801	77801
14806	55701
14807	75501
14809	72101
14812	78601
14813	61101
14814	175901
14817	140301
14826	69601
14830	99101
14840	191301
14843	62801
14845	130101
14850	208401
14865	97201
14867	133301
14870	123901
14871	122201
14873	77601
14879	86901
14880	55101
14882	167601
14883	103001
14886	164901
14891	105101
14892	87801
14895	48301
14901	63601
14903	92001
14904	63901
14905	112201
6001	345301
6002	180001
6010	175201
6013	296901
6016	228601
6018	167001
6019	205401
6021	224501
6026	238001
6027	224101
6029	232201
6031	260901
6032	273801
6033	298101
6035	242301
6037	253801
6039	393101
6040	163101
6042	157501
6043	238401
6051	115901
6052	164701
6053	133101
6057	239401
6058	291801
6060	342101
6062	176001
6063	225601
6066	179101
6067	227801
6068	385901
6069	365801
6070	294301
6071	274501
6073	362801
6074	232301
6076	179501
6078	266601
6081	194001
6082	166401
6084	238701
6085	251001
6088	164801
6089	259401
6092	339601
6093	285301
6095	184801
6096	163201
6098	154601
6105	108601
6106	90701
6107	349501
6108	136101
6109	225601
6110	191301
6111	203401
6112	90901
6114	93001
6117	316101
6118	153401
6119	235901
6120	87601
6226	126001
6231	244701
6232	231001
6234	185801
6235	171901
6237	231801
6238	211001
6239	151401
6241	166801
6242	209701
6247	182301
6248	263401
6249	201301
6250	203101
6254	196401
6255	153901
6256	148601
6259	235901
6260	152501
6268	225801
6277	177401
6278	185501
6279	203001
6280	175201
6281	219601
6282	182401
6320	145401
6330	167201
6331	186601
6333	279701
6334	192701
6335	203401
6339	187701
6340	192901
6351	170901
6354	153801
6355	262501
6357	242401
6359	228101
6360	142201
6365	207601
6370	187401
6371	347301
6374	150901
6375	193401
6377	182801
6378	391501
6379	242401
6382	167101
6384	200401
6385	217101
6401	181601
6403	210601
6405	261501
6410	284001
6412	281801
6413	241101
6415	224901
6416	198701
6417	239801
6418	177501
6419	348001
6420	238001
6422	281501
6423	252001
6424	220701
6426	409301
6437	350301
6438	277801
6442	280801
6443	404201
6447	268301
6450	151101
6451	149201
6455	232501
6457	191601
6460	249601
6461	270701
6468	322401
6469	206401
6470	382301
6471	235101
6472	267201
6473	256201
6475	338601
6477	332301
6478	326401
6479	241801
6480	217701
6481	213301
6482	332901
6483	214401
6484	304601
6488	270201
6489	262301
6492	228401
6498	342801
6511	208601
6512	179201
6513	140601
6514	158301
6515	204801
6516	165801
6517	215801
6518	237301
6519	110501
6524	332601
6525	390401
6604	135201
6605	163201
6606	142501
6607	115401
6608	118201
6610	119701
6611	350401
6612	573501
6614	222401
6615	172301
6704	95701
6705	101601
6706	104301
6708	119801
6710	115701
6712	251401
6716	209201
6750	227801
6751	277301
6752	410501
6754	323701
6756	320501
6757	276801
6759	303701
6762	271401
6763	284701
6770	164001
6776	244701
6777	386601
6778	218301
6779	168801
6782	166401
6783	553101
6784	403901
6786	158301
6787	172201
6790	137101
6791	242401
6793	577901
6794	446901
6795	237201
6796	385101
6798	272401
6801	284201
6804	321501
6807	900301
6810	214101
6811	268801
6812	328201
6820	1264701
6824	596401
6825	389801
6830	1351701
6831	1172101
6840	1234801
6850	324001
6851	359301
6853	887201
6854	276601
6855	370001
6870	1163201
6877	588601
6878	1221501
6880	1009401
6883	797901
6890	819701
6896	543201
6897	708801
6901	211801
6902	347501
6903	697801
6905	453801
6906	371201
6907	415001
7001	213501
7002	277201
7003	253901
7004	399701
7005	367201
7006	444801
7008	208801
7009	391301
7010	350401
7011	235101
7012	292201
7013	294301
7014	276901
7016	403701
7017	173201
7018	167601
7020	426701
7021	763901
7022	304101
7023	380601
7024	451801
7026	261801
7027	327101
7028	502301
7029	288201
7030	478701
7031	283901
7032	271601
7033	298301
7034	262001
7035	292001
7036	212801
7039	494601
7040	408401
7041	616901
7042	404001
7043	568601
7044	358201
7045	492501
7046	622001
7047	273701
7050	192101
7052	288201
7054	402001
7055	207701
7057	327701
7058	527301
7059	633401
7060	197501
7062	172901
7063	158401
7064	230401
7065	209301
7066	347601
7067	287501
7068	462901
7069	579801
7070	361701
7071	314201
7072	294601
7073	320101
7075	303101
7076	409801
7077	222901
7078	1149301
7079	449401
7080	265801
7081	370601
7082	479001
7083	258501
7086	512501
7087	246801
7090	637101
7092	525101
7093	274201
7094	378801
7095	206601
7102	217501
7103	160801
7105	244601
7106	143701
7107	192701
7108	178001
7109	229801
7110	318701
7111	159101
7112	171701
7114	205801
7201	186801
7202	197601
7203	143101
7204	227901
7205	178201
7206	171901
7208	234101
7302	419201
7304	213701
7305	229401
7306	240201
7307	289601
7310	471401
7401	567801
7403	243601
7405	372801
7407	281901
7410	321101
7416	172601
7417	902201
7418	195301
7419	184701
7420	203901
7421	208901
7422	170401
7423	628701
7424	309701
7430	394501
7432	379901
7435	298601
7436	385101
7438	276901
7439	190901
7440	340201
7442	229501
7444	373101
7446	449801
7450	620101
7452	520301
7456	285801
7457	290401
7458	858301
7460	224401
7461	210001
7462	139701
7463	379801
7465	300501
7470	385001
7480	230501
7481	638701
7501	182801
7502	196101
7503	200001
7504	215701
7506	307201
7508	279201
7512	314801
7513	206701
7514	187801
7522	169001
7524	178901
7601	239401
7603	277401
7604	341201
7605	449001
7606	333301
7607	316501
7621	281401
7624	574201
7626	493901
7627	612301
7628	300401
7630	402701
7631	309101
7632	970801
7640	546001
7641	539001
7642	460401
7643	283001
7644	295001
7645	544401
7646	337701
7647	390001
7648	493401
7649	498401
7650	468601
7652	501401
7656	429501
7657	382801
7660	270801
7661	390501
7662	308001
7663	315701
7666	325301
7670	648601
7675	457401
7676	444101
7677	631101
7701	335801
7702	435601
7704	592101
7711	781801
7712	289101
7716	360201
7717	782201
7718	282101
7719	354901
7720	448901
7721	244101
7722	635601
7723	1439101
7724	295001
7726	363701
7727	377901
7728	310401
7730	278301
7731	275101
7732	220501
7733	612701
7734	164601
7735	206101
7737	287001
7738	473101
7739	514001
7740	295801
7746	429401
7747	300301
7748	347101
7750	495901
7751	460001
7753	226501
7755	327701
7756	384101
7757	412601
7758	270701
7760	765301
7762	538101
7764	372501
7801	235201
7803	240001
7821	251701
7823	185701
7825	260001
7826	221201
7827	166901
7828	253201
7830	406001
7832	222201
7834	336801
7836	313101
7838	233201
7840	232301
7843	185001
7847	223901
7848	261001
7849	256401
7850	242001
7852	258901
7853	400001
7856	274101
7857	251801
7860	208401
7863	189901
7865	228001
7866	270101
7869	445301
7871	298901
7874	199101
7876	326801
7882	181301
7885	243301
7901	715201
7920	523201
7921	299901
7922	501401
7924	585001
7927	395001
7928	696401
7930	577101
7931	919201
7932	547101
7933	415501
7934	583301
7936	458901
7940	547201
7945	638901
7946	457701
7950	400701
7960	469601
7974	493601
7980	405401
7981	405301
8002	190201
8003	254401
8004	158001
8005	213801
8006	688801
8007	158301
8008	691601
8009	176101
8010	156901
8012	171901
8015	145101
8016	191401
8020	212801
8021	111601
8022	260901
8026	162101
8027	157301
8028	163001
8029	145001
8030	97701
8031	137901
8033	341501
8034	200201
8035	238301
8036	249001
8037	171101
8043	254801
8045	136201
8046	135701
8048	245101
8049	132901
8050	249701
8051	147001
8052	156001
8053	235001
8054	207501
8055	298801
8056	294201
8057	373801
8059	130701
8060	184401
8061	217501
8062	289201
8063	129001
8065	141301
8066	110001
8067	160501
8068	157801
8069	111301
8070	135201
8071	164101
8075	187901
8077	227401
8078	133501
8079	113801
8080	214701
8081	155301
8083	152501
8084	158601
8085	225401
8086	182201
8087	181001
8088	239601
8089	159301
8090	165901
8091	150101
8092	260801
8093	125301
8094	170701
8096	156801
8097	165601
8098	196001
8102	65001
8103	66501
8104	53901
8105	70601
8106	176501
8107	152901
8108	211601
8109	149901
8110	117801
8201	168801
8202	904801
8203	314401
8204	276301
8205	166801
8210	220401
8215	165201
8221	257001
8223	249801
8225	186501
8226	502401
8230	255201
8232	89901
8234	193401
8241	188601
8242	190301
8243	571701
8244	188601
8247	1012901
8251	145301
8260	266401
8270	196801
8302	120101
8310	170301
8311	133301
8312	149401
8317	182701
8318	178401
8319	181901
8322	184001
8326	141001
8328	153601
8330	159101
8332	119101
8341	135501
8343	200401
8344	154401
8345	127901
8349	111701
8360	132601
8361	168701
8401	140901
8402	444201
8403	712201
8406	264201
8501	345401
8502	552701
8505	222801
8510	485001
8512	395801
8514	344901
8515	371501
8518	169601
8520	220701
8525	372401
8527	275301
8530	321501
8533	303801
8534	401601
8535	478801
8536	332401
8540	519101
8542	402101
8550	555401
8551	410701
8554	137601
8558	617201
8559	362101
8560	361801
8562	266001
8609	81001
8610	155601
8611	76001
8618	114701
8619	206901
8620	224901
8628	206601
8629	89501
8638	120901
8648	237101
8690	242901
8691	333501
8701	233101
8721	222601
8722	195201
8723	221601
8724	220601
8730	561201
8731	215301
8732	312301
8733	180801
8734	256601
8735	542501
8736	483501
8738	1042801
8740	191101
8741	244801
8742	367601
8750	553701
8751	318401
8752	469901
8753	238301
8755	231701
8757	113801
8758	260301
8759	117601
8801	371001
8802	307901
8804	251501
8805	235501
8807	380901
8809	284401
8810	329901
8812	267101
8816	305701
8817	249601
8820	413901
8822	338101
8823	201301
8824	348501
8825	300901
8826	280601
8827	295001
8828	179901
8829	217701
8830	233301
8831	281201
8833	401201
8835	223701
8836	493101
8837	258801
8840	324501
8844	356201
8846	245601
8848	271901
8850	287101
8852	329001
8853	468901
8854	266801
8857	289201
8859	243301
8861	185901
8863	230601
8865	145701
8867	385201
8869	283501
8872	236301
8873	268401
8876	296701
8879	222201
8880	212001
8882	221401
8884	248701
8886	249901
8887	151601
8889	378501
8901	211101
8902	249301
8904	298601
