10001	1893601
10002	849401
10003	1350801
10004	1369001
10005	1050101
10007	2266001
10009	1040801
10013	2697201
10025	998301
10027	804101
10029	666501
10030	590601
10031	574501
10036	1017501
10280	651701
10301	392801
10302	315501
10303	269601
10304	378701
10305	370301
10306	398701
10307	450601
10308	407201
10309	449801
10310	378301
10312	414401
10314	383101
10456	241101
10459	257601
10462	114001
10463	504501
10464	437101
10465	379801
10466	331801
10467	288301
10469	346701
10471	662601
10473	317501
10502	593701
10504	1000801
10506	991501
10507	543301
10509	291601
10510	643101
10512	246301
10514	836501
10516	415201
10518	551301
10520	465201
10522	581301
10523	391701
10524	386901
10526	528101
10528	887601
10530	477201
10532	466301
10533	678601
10536	648101
10537	189801
10538	1059201
10541	316401
10543	627001
10546	573601
10547	293901
10548	324601
10549	587901
10550	268201
10552	432301
10553	290601
10560	489401
10562	347801
10566	257301
10567	324201
10570	552301
10573	495701
10576	855601
10577	1467201
10579	317501
10580	1444401
10583	946501
10588	322301
10589	389401
10590	629701
10591	481101
10594	529601
10595	484601
10598	370601
10601	343801
10603	406201
10604	587101
10605	618501
10606	428401
10607	444801
10701	345401
10703	346001
10704	357301
10705	394101
10706	646301
10707	488901
10708	790601
10709	583101
10710	415601
10801	455601
10803	709401
10804	664801
10805	443901
10901	364901
10913	446101
10916	287301
10917	284601
10918	229901
10920	368201
10921	212701
10923	300301
10924	259901
10925	198001
10926	178601
10928	191801
10930	268601
10940	159201
10941	216601
10950	222401
10954	338901
10956	436101
10958	221401
10960	426201
10962	433601
10963	194101
10964	554001
10965	406401
10968	532501
10970	380101
10973	240301
10974	258001
10980	309401
10983	424501
10984	338801
10986	385001
10987	412001
10989	340301
10990	269101
10992	237901
10993	196901
10994	449201
10998	250701
11001	487701
11003	324401
11004	534301
11010	389501
11020	946401
11021	953101
11023	947301
11024	1727601
11030	1244101
11040	538101
11050	785501
11096	330201
11101	816901
11103	652001
11105	635901
11106	519801
11201	884601
11203	369901
11204	654501
11205	587401
11207	309301
11208	326001
11209	785201
11210	567301
11211	780901
11212	303201
11214	528601
11215	897101
11216	625501
11217	945801
11218	722401
11220	533501
11221	607701
11222	696601
11224	438501
11225	847801
11226	528901
11228	683001
11229	550601
11230	770601
11231	849901
11232	519201
11234	456301
11235	587301
11236	367601
11238	685901
11249	873401
11354	513701
11355	553901
11356	499301
11357	703101
11358	650201
11360	664501
11361	641501
11362	750501
11363	888001
11364	690301
11365	629401
11366	672101
11367	547501
11368	375501
11369	488301
11370	509401
11372	424601
11373	428801
11374	558401
11375	730701
11377	558001
11378	507101
11379	546301
11385	455601
11411	377901
11412	366701
11413	375901
11414	544401
11415	461901
11416	364801
11417	392601
11418	411701
11419	377101
11420	383301
11421	379701
11422	383501
11423	422001
11426	491001
11427	478501
11428	409001
11429	367001
11432	598701
11433	324501
11434	341101
11435	374401
11436	321401
11501	469101
11507	568001
11509	811801
11510	344401
11514	447101
11516	566201
11518	394801
11520	294101
11530	707501
11542	468601
11545	856101
11550	263601
11552	372801
11553	271501
11554	392501
11557	529201
11558	356901
11559	1011401
11560	701201
11561	447201
11563	392001
11565	395101
11566	468801
11568	2026301
11569	725901
11570	602201
11572	404801
11575	259201
11576	909501
11577	763801
11579	625201
11580	346201
11581	390001
11590	379101
11596	532501
11598	604101
11691	361501
11692	280401
11693	323701
11694	631501
11701	255801
11702	372201
11703	299001
11704	290401
11705	386601
11706	266301
11709	455101
11710	422601
11713	250401
11714	391701
11716	348901
11717	230701
11718	438301
11719	300201
11720	287701
11721	515601
11722	214601
11724	1091101
11725	417101
11726	242201
11727	246801
11729	297701
11730	373501
11731	425101
11732	593601
11733	445801
11735	355101
11738	289501
11739	616401
11740	461401
11741	323001
11742	314701
11743	540501
11746	403001
11747	530701
11749	288701
11751	335501
11752	318401
11753	725301
11754	391601
11755	351701
11756	333601
11757	281801
11758	417801
11762	413301
11763	237301
11764	367101
11766	374101
11767	395701
11768	600501
11769	368801
11771	796701
11772	249501
11776	290901
11777	435701
11778	243901
11779	288701
11780	419001
11782	383501
11783	402301
11784	251501
11786	366001
11787	421701
11788	420301
11789	240101
11790	398901
11791	591901
11792	369301
11793	402301
11795	369301
11796	337301
11797	888601
11798	226501
11801	373101
11803	503801
11804	547401
11901	287001
11932	1820501
11933	330701
11934	299601
11935	600401
11937	976801
11939	551901
11940	335301
11941	446001
11942	504901
11944	415801
11946	407201
11948	472101
11949	341501
11950	173301
11951	154601
11952	478001
11953	228801
11954	772401
11955	264201
11957	744201
11958	641101
11959	1317701
11960	1062001
11961	220801
11967	197601
11971	549401
11976	2345401
11977	721201
11980	227901
12009	222501
12018	197701
12019	255701
12020	219001
12023	156701
12025	141001
12027	217501
12032	163301
12033	185901
12043	119401
12047	164901
12053	180101
12054	241701
12057	135101
12059	176901
12061	211901
12062	177601
12065	255901
12066	137201
12074	182601
12076	116501
12077	253801
12078	84301
12084	247801
12090	113301
12093	127001
12094	170901
12095	98101
12110	224101
12116	106801
12117	128301
12118	217001
12121	179001
12122	114901
12123	168301
12134	178901
12137	173801
12138	154101
12140	186101
12143	159201
12144	158601
12148	310501
12149	115401
12154	168801
12157	125901
12158	196101
12159	319101
12168	167201
12170	183601
12180	155801
12182	135101
12185	163801
12186	226701
12188	200801
12189	151801
12196	212501
12197	99501
12198	174701
12202	85401
12203	175801
12204	171301
12205	177201
12206	99701
12208	172401
12209	142101
12210	137401
12211	264801
12302	169601
12303	165001
12304	109301
12306	146701
12308	112101
12309	217701
12401	152201
12404	212901
12409	292301
12428	120901
12429	167101
12440	213401
12443	190501
12446	149201
12449	162601
12458	127701
12461	226001
12466	189901
12472	174401
12477	177301
12481	212601
12484	234901
12486	185101
12487	179601
12491	203301
12498	266201
12518	247301
12520	256401
12525	240801
12528	209501
12542	213201
12543	134901
12547	221001
12549	218601
12550	179601
12553	199901
12561	252101
12563	226601
12566	196801
12575	268001
12577	258701
12586	188901
12589	217301
12729	150501
12740	142501
12771	143401
12780	162301
12801	136301
12803	159101
12804	202101
12809	135601
12814	392801
12815	249101
12816	138601
12817	237401
12822	147901
12824	338401
12828	123601
12831	229601
12832	107201
12833	207801
12834	148601
12835	181801
12836	358801
12839	116001
12845	266901
12846	176201
12850	201501
12859	218901
12865	117601
12866	297901
12870	172901
12871	158401
12883	117001
12885	142901
12887	88001
12901	131501
12903	121401
12910	79901
12912	99501
12918	104701
12919	94701
12920	71201
12921	131401
12928	106201
12932	104501
12935	96801
12937	58801
12941	128401
12942	238701
12944	90201
12946	238801
12953	68201
12958	86701
12962	133501
12972	148101
12979	117201
12981	98001
12983	141401
12986	95201
12992	103101
12993	121601
12996	119601
13021	107201
13027	137801
13029	137501
13030	131201
13031	138301
13032	105101
13033	88501
13034	134401
13035	204301
13036	115001
13037	122201
13039	152301
13040	79101
13042	113901
13044	110801
13045	100701
13053	154501
13057	113701
13060	135201
13063	140501
13066	185101
13068	154601
13069	75301
13073	130601
13074	82201
13076	95501
13077	113501
13078	205301
13080	119601
13082	126501
13083	85001
13084	143501
13088	114701
13092	106701
13101	83201
13104	203301
13108	149901
13110	140001
13112	126001
13114	96101
13116	122701
13118	114401
13120	76701
13126	85201
13131	92901
13132	112401
13135	99701
13140	90301
13142	96101
13143	74801
13145	97201
13148	92101
13152	269301
13156	101301
13159	154401
13160	126101
13164	142701
13165	79201
13166	111801
13203	78501
13204	64801
13205	66801
13206	82801
13207	72201
13208	71301
13209	103901
13210	119201
13211	77301
13212	104201
13214	145001
13215	176901
13219	118601
13224	134801
13304	147001
13308	103701
13309	96101
13316	87401
13320	101301
13323	147001
13326	207801
13332	80701
13338	127001
13346	173001
13354	139301
13363	118901
13403	143301
13408	94401
13409	98101
13411	82001
13413	148201
13417	111101
13421	98301
13424	114901
13425	94601
13438	109401
13439	108101
13440	90401
13456	139601
13460	77701
13461	124001
13471	96001
13476	107301
13478	104601
13480	106801
13490	115201
13491	96501
13492	123201
13493	82401
13495	82501
13501	89501
13502	84101
13601	127101
13605	125701
13607	119301
13612	145901
13617	103401
13618	143401
13619	118301
13622	157301
13624	142801
13634	150501
13637	138401
13642	71901
13646	97401
13650	129301
13656	110301
13658	79001
13662	78501
13667	70901
13668	68001
13669	67101
13676	93601
13679	141001
13685	174301
13691	115601
13730	88301
13732	130601
13733	80901
13734	91701
13746	104701
13748	108501
13760	114301
13778	105301
13787	106401
13790	82001
13795	97401
13803	91701
13811	99701
13812	97701
13815	80301
13820	111201
13825	116201
13827	110401
13830	76501
13833	119701
13850	131001
13862	112201
13865	110201
13901	111101
13903	101501
13904	84201
13905	106101
14001	160801
14004	162301
14005	104901
14006	102101
14012	113201
14020	89701
14025	160201
14028	137901
14030	133701
14036	126201
14040	130301
14042	80501
14048	58201
14058	99801
14062	83101
14065	82101
14067	103801
14070	72701
14080	153101
14081	100001
14092	169401
14094	111801
14098	86601
14101	87301
14103	71101
14105	86701
14108	96401
14120	122801
14125	86801
14131	136801
14132	136501
14136	77301
14138	65001
14141	126501
14143	103501
14171	86501
14172	126701
14174	159101
14201	100101
14212	59001
14214	101001
14216	136201
14218	88601
14301	41801
14303	40101
14304	85201
14305	59901
14411	76101
14414	134201
14416	116101
14420	125301
14422	105901
14423	114501
14428	140401
14435	144401
14437	79101
14445	93301
14450	180001
14454	155901
14464	111401
14467	132301
14468	134601
14470	86701
14472	215601
14476	103001
14477	108301
14481	102201
14482	99501
14485	132101
14487	135801
14506	237401
14510	72201
14514	152101
14517	71601
14521	91601
14525	102801
14526	169301
14533	108601
14534	236001
14541	169701
14543	160901
14546	120401
14559	138801
14560	98401
14572	76001
14580	176701
14586	154201
14605	41701
14606	94401
14607	168501
14608	57201
14609	84201
14610	151001
14611	52801
14612	129201
14613	51701
14615	76101
14616	90901
14617	117801
14618	188301
14619	64301
14620	124801
14621	46201
14622	104201
14623	113801
14624	121501
14625	167901
14626	127801
14701	57901
14706	106501
14710	104901
14712	144101
14715	45201
14716	73201
14718	83701
14719	63101
14724	106101
14727	65101
14733	60701
14735	61701
14737	66001
14738	77501
14739	46701
14741	115501
14747	74001
14750	90001
14755	72701
14757	111701
14760	57901
14770	65601
14775	78901
14781	84201
14782	69601
14787	77301
14801	76301
14806	50801
14807	76301
14809	78401
14812	85201
14813	56101
14814	170801
14817	147101
14826	72201
14830	104801
14840	185001
14843	66601
14845	131001
14850	220901
14865	97001
14867	141101
14870	120101
14871	114601
14873	77401
14879	86501
14880	54601
14882	179401
14883	109601
14886	171701
14891	101601
14892	96601
14895	50901
14901	62201
14903	86501
14904	61501
14905	107701
6001	354101
6002	181401
6010	175801
6013	304301
6016	224601
6018	171901
6019	212501
6021	222201
6026	253401
6027	245101
6029	243801
6031	254001
6032	282601
6033	303201
6035	241401
6037	264001
6039	427401
6040	169001
6042	159301
6043	255301
6051	116201
6052	169801
6053	133601
6057	247401
6058	287301
6060	337701
6062	179301
6063	224801
6066	183301
6067	236101
6068	394101
6069	379201
6070	304401
6071	275901
6073	383701
6074	235101
6076	186201
6078	274101
6081	202901
6082	169401
6084	260101
6085	268201
6088	165501
6089	270101
6092	349801
6093	289701
6095	195001
6096	162501
6098	156501
6105	107001
6106	87401
6107	360801
6108	134701
6109	236001
6110	196001
6111	208701
6112	93401
6114	95201
6117	336601
6118	153901
6119	243001
6120	102601
6226	123301
6231	245201
6232	231301
6234	199201
6235	180501
6237	233501
6238	217001
6239	152001
6241	167001
6242	216601
6247	194401
6248	270001
6249	217901
6250	205501
6254	206801
6255	163301
6256	148401
6259	244601
6260	153801
6268	237301
6277	184001
6278	181801
6279	219601
6280	173201
6281	223901
6282	194001
6320	150101
6330	163801
6331	203101
6333	295301
6334	206301
6335	215101
6339	204301
6340	189301
6351	168701
6354	158701
6355	255201
6357	244001
6359	235101
6360	145101
6365	208201
6370	195001
6371	366401
6374	154501
6375	209901
6377	180201
6378	377001
6379	232201
6382	159101
6384	196001
6385	228201
6401	189801
6403	227101
6405	264201
6410	297401
6412	295301
6413	253801
6415	230101
6416	199801
6417	241301
6418	170301
6419	337601
6420	239901
6422	290001
6423	247401
6424	232001
6426	425601
6437	354901
6438	271701
6442	291201
6443	417801
6447	284201
6450	157401
6451	160501
6455	248401
6457	197801
6460	264001
6461	283601
6468	336001
6469	209501
6470	373001
6471	252201
6472	272701
6473	271001
6475	367501
6477	351801
6478	326201
6479	233101
6480	225201
6481	216101
6482	345401
6483	207001
6484	303201
6488	270101
6489	260101
6492	235601
6498	331401
6511	192301
6512	186101
6513	138401
6514	163701
6515	201801
6516	165301
6517	225001
6518	243101
6519	115701
6524	346001
6525	389501
6604	145401
6605	174201
6606	156401
6607	128301
6608	128201
6610	132001
6611	359601
6612	596701
6614	236801
6615	187601
6704	94401
6705	104101
6706	108101
6708	122401
6710	115401
6712	265201
6716	209201
6750	247701
6751	274601
6752	453701
6754	321701
6756	321701
6757	285401
6759	313601
6762	277001
6763	288301
6770	167201
6776	248401
6777	407501
6778	216801
6779	171301
6782	170901
6783	560801
6784	423201
6786	157501
6787	167201
6790	141001
6791	245801
6793	600301
6794	496801
6795	232701
6796	386801
6798	277901
6801	287601
6804	346101
6807	1022501
6810	221401
6811	276301
6812	339801
6820	1353601
6824	616601
6825	432301
6830	1457501
6831	1279001
6840	1284301
6850	352701
6851	368601
6853	884301
6854	302301
6855	380101
6870	1303301
6877	598901
6878	1440501
6880	1072501
6883	821601
6890	856901
6896	528301
6897	748701
6901	215901
6902	348801
6903	691701
6905	486401
6906	387301
6907	423101
7001	224501
7002	281101
7003	279401
7004	462101
7005	388001
7006	480201
7008	212401
7009	425901
7010	373601
7011	262301
7012	300801
7013	303001
7014	292201
7016	420101
7017	182601
7018	172201
7020	447501
7021	803901
7022	301001
7023	409201
7024	492001
7026	285301
7027	339501
7028	504101
7029	293301
7030	538901
7031	298601
7032	281501
7033	322301
7034	263501
7035	297001
7036	220701
7039	542301
7040	426101
7041	638101
7042	467001
7043	603301
7044	402301
7045	522201
7046	640901
7047	283801
7050	189101
7052	331201
7054	404101
7055	226901
7057	328001
7058	548801
7059	682501
7060	216001
7062	188801
7063	182901
7064	238401
7065	223501
7066	369701
7067	304801
7068	519201
7069	618401
7070	403701
7071	314801
7072	311901
7073	331801
7075	324101
7076	433301
7077	241401
7078	1174201
7079	484901
7080	271201
7081	377001
7082	497001
7083	271201
7086	547901
7087	268201
7090	686601
7092	572001
7093	279601
7094	400301
7095	225601
7102	224501
7103	171201
7105	242901
7106	163801
7107	187801
7108	195101
7109	251701
7110	348001
7111	161401
7112	192601
7114	215201
7201	197901
7202	201601
7203	154101
7204	250201
7205	187001
7206	186301
7208	232701
7302	515601
7304	233501
7305	238301
7306	262601
7307	307401
7310	520501
7401	615401
7403	251301
7405	395601
7407	305101
7410	353201
7416	176901
7417	953401
7418	226701
7419	194201
7420	211201
7421	217001
7422	171901
7423	668901
7424	325901
7430	436201
7432	415601
7435	319301
7436	401301
7438	284401
7439	191301
7440	347801
7442	253801
7444	388801
7446	481601
7450	681701
7452	565401
7456	306201
7457	314301
7458	863801
7460	235001
7461	222501
7462	143201
7463	409201
7465	305101
7470	399001
7480	236601
7481	707001
7501	194401
7502	207101
7503	204201
7504	217501
7506	329901
7508	287901
7512	329501
7513	211701
7514	199601
7522	171701
7524	201901
7601	247901
7603	297401
7604	354601
7605	473101
7606	339701
7607	341301
7621	295601
7624	615001
7626	499901
7627	662101
7628	318801
7630	430601
7631	332201
7632	1090701
7640	597501
7641	592001
7642	485401
7643	287101
7644	311001
7645	557601
7646	364701
7647	416901
7648	500901
7649	531301
7650	486701
7652	538801
7656	477501
7657	396801
7660	275701
7661	411301
7662	308201
7663	340001
7666	347001
7670	709401
7675	490501
7676	470001
7677	683801
7701	360401
7702	471501
7704	603401
7711	841901
7712	304901
7716	384801
7717	830901
7718	295201
7719	370401
7720	466901
7721	263901
7722	685101
7723	1473601
7724	324801
7726	397901
7727	395101
7728	321001
7730	304501
7731	298501
7732	236001
7733	634701
7734	175401
7735	220901
7737	299701
7738	508301
7739	530901
7740	303501
7746	466501
7747	320701
7748	371301
7750	537201
7751	495501
7753	235201
7755	339201
7756	394401
7757	437501
7758	286001
7760	823901
7762	569601
7764	390301
7801	247001
7803	259901
7821	267301
7823	189301
7825	274901
7826	230001
7827	188001
7828	271801
7830	422801
7832	236101
7834	346501
7836	333101
7838	245001
7840	251801
7843	188801
7847	244701
7848	273101
7849	266301
7850	247101
7852	274101
7853	415401
7856	281401
7857	247701
7860	226301
7863	193901
7865	243901
7866	283801
7869	459001
7871	317601
7874	222401
7876	341201
7882	183101
7885	260901
7901	748601
7920	565001
7921	309101
7922	524201
7924	633801
7927	411101
7928	732701
7930	599201
7931	1010801
7932	610801
7933	459701
7934	634801
7936	459801
7940	557701
7945	697201
7946	479901
7950	415401
7960	484601
7974	542101
7980	446001
7981	421101
8002	193101
8003	265901
8004	171301
8005	225601
8006	700301
8007	161401
8008	709501
8009	194801
8010	160901
8012	177301
8015	139601
8016	192001
8020	219701
8021	113101
8022	281401
8026	154301
8027	165701
8028	162601
8029	145101
8030	98701
8031	139901
8033	371401
8034	205201
8035	250101
8036	234701
8037	169601
8043	271101
8045	135201
8046	142201
8048	263701
8049	132901
8050	238401
8051	156201
8052	157801
8053	247401
8054	210601
8055	316501
8056	317101
8057	423701
8059	137801
8060	187601
8061	226101
8062	307501
8063	127401
8065	142301
8066	113001
8067	165201
8068	160401
8069	109401
8070	133401
8071	164101
8075	194301
8077	240501
8078	133201
8079	107001
8080	220101
8081	162101
8083	153201
8084	153301
8085	234301
8086	183201
8087	180401
8088	244701
8089	167901
8090	162201
8091	159101
8092	264301
8093	128301
8094	178201
8096	163801
8097	168901
8098	205301
8102	73301
8103	70301
8104	62001
8105	69301
8106	174601
8107	151201
8108	217101
8109	150301
8110	116501
8201	170901
8202	917901
8203	321401
8204	274301
8205	172301
8210	226601
8215	159901
8221	260501
8223	240901
8225	193701
8226	496101
8230	261601
8232	93101
8234	196001
8241	176401
8242	190401
8243	592001
8244	193601
8247	1066301
8251	147701
8260	265601
8270	218401
8302	116801
8310	170101
8311	126101
8312	149101
8317	165101
8318	175401
8319	172501
8322	188501
8326	140901
8328	158201
8330	154301
8332	117901
8341	137001
8343	199101
8344	158801
8345	129301
8349	101201
8360	132301
8361	171301
8401	139001
8402	439801
8403	712701
8406	254601
8501	356501
8502	579601
8505	230401
8510	510001
8512	414801
8514	359501
8515	389201
8518	169301
8520	221101
8525	409301
8527	295901
8530	345001
8533	301501
8534	407401
8535	513001
8536	352001
8540	545701
8542	459401
8550	588101
8551	420801
8554	143701
8558	645501
8559	376201
8560	368401
8562	271501
8609	81601
8610	152901
8611	74701
8618	122901
8619	214701
8620	225401
8628	217301
8629	90201
8638	121901
8648	241801
8690	248201
8691	351801
8701	238901
8721	225901
8722	207801
8723	226101
8724	227801
8730	597301
8731	227901
8732	311601
8733	180601
8734	268901
8735	461701
8736	485901
8738	1003301
8740	196701
8741	247101
8742	373701
8750	586701
8751	287101
8752	439101
8753	250401
8755	252701
8757	134001
8758	254901
8759	129301
8801	380301
8802	328301
8804	271801
8805	267701
8807	406301
8809	314301
8810	339601
8812	285201
8816	319101
8817	264201
8820	443101
8822	357001
8823	214401
8824	352701
8825	307401
8826	280001
8827	315401
8828	188701
8829	234901
8830	251101
8831	288501
8833	442101
8835	234301
8836	523001
8837	270001
8840	353601
8844	370001
8846	256801
8848	297601
8850	300201
8852	337701
8853	495601
8854	282501
8857	302001
8859	255701
8861	200701
8863	244901
8865	155701
8867	444101
8869	300901
8872	253201
8873	288901
8876	313601
8879	228301
8880	216701
8882	234001
8884	253601
8886	263401
8887	171301
8889	396701
8901	231001
8902	265201
8904	292101
