10001	1906801
10002	850601
10003	1350301
10004	1373001
10005	1064201
10007	2309001
10009	1045601
10013	2714101
10025	1005701
10027	808801
10029	671101
10030	590701
10031	575801
10036	1026101
10280	658401
10301	394901
10302	315501
10303	271101
10304	379801
10305	370801
10306	400601
10307	454401
10308	408801
10309	452501
10310	382301
10312	416101
10314	384501
10456	237801
10459	255901
10462	112601
10463	504001
10464	437501
10465	378501
10466	331101
10467	286501
10469	347801
10471	660201
10473	316901
10502	589601
10504	1000101
10506	986401
10507	543301
10509	292101
10510	639201
10512	245801
10514	839501
10516	409301
10518	547301
10520	465301
10522	578001
10523	394301
10524	385501
10526	531501
10528	876901
10530	478401
10532	466401
10533	679701
10536	649901
10537	189501
10538	1058101
10541	317201
10543	628801
10546	571401
10547	293801
10548	325101
10549	588901
10550	266601
10552	431401
10553	292401
10560	499301
10562	347401
10566	256901
10567	323701
10570	549801
10573	497901
10576	844701
10577	1454701
10579	316701
10580	1447501
10583	951901
10588	325401
10589	386001
10590	631401
10591	479401
10594	528401
10595	485201
10598	368601
10601	346001
10603	409601
10604	581301
10605	620701
10606	428501
10607	448101
10701	346701
10703	347601
10704	357101
10705	396001
10706	648801
10707	493101
10708	795401
10709	587301
10710	414701
10801	455401
10803	708201
10804	664401
10805	443301
10901	378301
10913	447101
10916	286201
10917	283101
10918	231201
10920	368401
10921	213501
10923	301501
10924	258701
10925	197601
10926	178101
10928	194201
10930	267601
10940	159801
10941	216501
10950	223501
10954	339801
10956	436301
10958	221501
10960	425601
10962	435101
10963	194801
10964	555201
10965	407301
10968	508501
10970	385801
10973	239101
10974	265901
10980	309901
10983	426201
10984	339401
10986	387501
10987	415601
10989	339501
10990	269201
10992	238401
10993	197401
10994	448501
10998	251301
11001	490501
11003	325201
11004	537701
11010	391101
11020	957801
11021	971701
11023	968001
11024	1729901
11030	1260901
11040	537301
11050	788901
11096	329701
11101	837001
11103	660401
11105	643001
11106	527801
11201	887101
11203	369901
11204	662501
11205	588601
11207	311401
11208	326201
11209	791201
11210	569701
11211	793701
11212	303601
11214	532001
11215	904101
11216	628301
11217	955701
11218	735801
11220	534701
11221	615401
11222	707501
11224	442901
11225	850601
11226	536501
11228	688201
11229	553201
11230	777101
11231	852301
11232	523501
11234	456801
11235	589401
11236	368101
11238	692301
11249	895501
11354	520201
11355	568201
11356	504701
11357	712301
11358	657001
11360	662601
11361	647801
11362	760101
11363	899401
11364	696801
11365	634401
11366	677201
11367	551201
11368	380301
11369	495501
11370	515901
11372	427801
11373	429401
11374	560101
11375	743501
11377	565101
11378	514701
11379	549001
11385	460701
11411	380901
11412	367701
11413	378401
11414	545901
11415	468001
11416	368201
11417	395901
11418	416201
11419	380901
11420	387701
11421	381901
11422	386201
11423	424701
11426	494601
11427	480701
11428	411401
11429	370201
11432	602401
11433	327301
11434	343601
11435	378701
11436	324101
11501	469701
11507	572001
11509	805201
11510	346601
11514	454401
11516	566701
11518	395601
11520	295201
11530	707901
11542	472001
11545	859501
11550	265501
11552	374601
11553	271501
11554	395501
11557	529101
11558	354701
11559	1014301
11560	705001
11561	449801
11563	394601
11565	394501
11566	470601
11568	2032601
11569	725201
11570	601701
11572	406101
11575	258801
11576	910601
11577	766501
11579	628701
11580	347601
11581	390801
11590	379801
11596	533501
11598	604101
11691	359901
11692	272701
11693	315501
11694	626401
11701	255301
11702	370601
11703	302101
11704	293501
11705	388701
11706	266801
11709	454201
11710	424201
11713	251601
11714	392101
11716	350601
11717	231701
11718	447001
11719	299201
11720	286601
11721	515101
11722	216101
11724	1087601
11725	418401
11726	243901
11727	248401
11729	298501
11730	374701
11731	424601
11732	596901
11733	448301
11735	356001
11738	290101
11739	609301
11740	463201
11741	324401
11742	316001
11743	542901
11746	404201
11747	523801
11749	279201
11751	335601
11752	317501
11753	726401
11754	391201
11755	352801
11756	335201
11757	283501
11758	419001
11762	415601
11763	237701
11764	371601
11766	374901
11767	396001
11768	604601
11769	368601
11771	792901
11772	249601
11776	292401
11777	439801
11778	244701
11779	288301
11780	419901
11782	384801
11783	403101
11784	252501
11786	364801
11787	423301
11788	420901
11789	240801
11790	398701
11791	593801
11792	371001
11793	403401
11795	371001
11796	338801
11797	887201
11798	226801
11801	375401
11803	505201
11804	553601
11901	286001
11932	1827501
11933	330201
11934	300901
11935	596501
11937	979501
11939	556001
11940	334201
11941	443401
11942	506001
11944	417901
11946	406701
11948	466201
11949	339801
11950	172601
11951	154701
11952	473701
11953	229001
11954	774301
11955	258201
11957	748901
11958	645001
11959	1313301
11960	1067701
11961	223101
11967	198301
11971	550701
11976	2385001
11977	731701
11980	228701
12009	223401
12018	197901
12019	256501
12020	219101
12023	157201
12025	140701
12027	219001
12032	163801
12033	185701
12043	117801
12047	164901
12053	180601
12054	240601
12057	136601
12059	176101
12061	211701
12062	179001
12065	256901
12066	136601
12074	182701
12076	116901
12077	253701
12078	84001
12084	246501
12090	113401
12093	127401
12094	171501
12095	98001
12110	224601
12116	106701
12117	128701
12118	216101
12121	178001
12122	113601
12123	167601
12134	180001
12137	173301
12138	155301
12140	185701
12143	160001
12144	158201
12148	312701
12149	116101
12154	169301
12157	124601
12158	194901
12159	320101
12168	167801
12170	183801
12180	155501
12182	135401
12185	164301
12186	226401
12188	201301
12189	152601
12196	212401
12197	99001
12198	175801
12202	86401
12203	176101
12204	171501
12205	177301
12206	100001
12208	173201
12209	142301
12210	138501
12211	264601
12302	169201
12303	165401
12304	109401
12306	146801
12308	111701
12309	217601
12401	152001
12404	212201
12409	289601
12428	121001
12429	167601
12440	212901
12443	191101
12446	148601
12449	162801
12458	128201
12461	229601
12466	190701
12472	175301
12477	177401
12481	215001
12484	235201
12486	185401
12487	179501
12491	202901
12498	265801
12518	246601
12520	256601
12525	240101
12528	208201
12542	212801
12543	133401
12547	222201
12549	219001
12550	179801
12553	199501
12561	252101
12563	225201
12566	198501
12575	268901
12577	258201
12586	188601
12589	217201
12729	150501
12740	145201
12771	143801
12780	161901
12801	136701
12803	159901
12804	203001
12809	137501
12814	396201
12815	250201
12816	140001
12817	237001
12822	148801
12824	343101
12828	123901
12831	229401
12832	107101
12833	208601
12834	150101
12835	182701
12836	357401
12839	116801
12845	265601
12846	175201
12850	202601
12859	219301
12865	118201
12866	300001
12870	171901
12871	159601
12883	116701
12885	143301
12887	87601
12901	131701
12903	121701
12910	79301
12912	98201
12918	105101
12919	94901
12920	71001
12921	130901
12928	107401
12932	104601
12935	96001
12937	58201
12941	124701
12942	238301
12944	87501
12946	238101
12953	68401
12958	86401
12962	133101
12972	149001
12979	118101
12981	99701
12983	139201
12986	94701
12992	103101
12993	121801
12996	120201
13021	107601
13027	138301
13029	138601
13030	132501
13031	139401
13032	106501
13033	89101
13034	134201
13035	205701
13036	114701
13037	122401
13039	152901
13040	78601
13042	113701
13044	109801
13045	100001
13053	155401
13057	114501
13060	135401
13063	141501
13066	186301
13068	155701
13069	75001
13073	131101
13074	81301
13076	94301
13077	112901
13078	206601
13080	120501
13082	127301
13083	84501
13084	144901
13088	115701
13092	106901
13101	82701
13104	205101
13108	150701
13110	140001
13112	125901
13114	95501
13116	122901
13118	112301
13120	77101
13126	85201
13131	93101
13132	111901
13135	99701
13140	90001
13142	96501
13143	74801
13145	96201
13148	91701
13152	273101
13156	101901
13159	154501
13160	126701
13164	143401
13165	79201
13166	111601
13203	79001
13204	65501
13205	67401
13206	83101
13207	73201
13208	71501
13209	104601
13210	120601
13211	78001
13212	104301
13214	145701
13215	177401
13219	119601
13224	135201
13304	149001
13308	104801
13309	96301
13316	89201
13320	99701
13323	146301
13326	205601
13332	81001
13338	129101
13346	173401
13354	140301
13363	119201
13403	142901
13408	95501
13409	97801
13411	82301
13413	148601
13417	111001
13421	98701
13424	115901
13425	94101
13438	111401
13439	109901
13440	91201
13456	140501
13460	76701
13461	126501
13471	96301
13476	108701
13478	104701
13480	107801
13490	116101
13491	96501
13492	123201
13493	81801
13495	82901
13501	90201
13502	84401
13601	127401
13605	122901
13607	117801
13612	146501
13617	103401
13618	142101
13619	118101
13622	158101
13624	143601
13634	150401
13637	139601
13642	71901
13646	97201
13650	127501
13656	109101
13658	80901
13662	78301
13667	70801
13668	68201
13669	67101
13676	93301
13679	139801
13685	173201
13691	114501
13730	89201
13732	129301
13733	80801
13734	91301
13746	104301
13748	107401
13760	113401
13778	105601
13787	105301
13790	81201
13795	96401
13803	91201
13811	98901
13812	95601
13815	80001
13820	111501
13825	116501
13827	109101
13830	75701
13833	118001
13850	130201
13862	110601
13865	108601
13901	109701
13903	100201
13904	83401
13905	105201
14001	161101
14004	162301
14005	104901
14006	102901
14012	114501
14020	90301
14025	162101
14028	137901
14030	134001
14036	126601
14040	130001
14042	80701
14048	58401
14058	101001
14062	85001
14065	83501
14067	104601
14070	72501
14080	152401
14081	98801
14092	169701
14094	112101
14098	86001
14101	87901
14103	71001
14105	87301
14108	97101
14120	123301
14125	87601
14131	136701
14132	136701
14136	77101
14138	65001
14141	127301
14143	103201
14171	86801
14172	126301
14174	159701
14201	99901
14212	58701
14214	100901
14216	136901
14218	89201
14301	41701
14303	40401
14304	85801
14305	60301
14411	76001
14414	133101
14416	117201
14420	125601
14422	106501
14423	114301
14428	141001
14435	144401
14437	78501
14445	93401
14450	180001
14454	155601
14464	111501
14467	132501
14468	134201
14470	86501
14472	215901
14476	102601
14477	108101
14481	103001
14482	99701
14485	131801
14487	135101
14506	238601
14510	72101
14514	152701
14517	70801
14521	91201
14525	102601
14526	169401
14533	108701
14534	236401
14541	172501
14543	160901
14546	120001
14559	138701
14560	98001
14572	76401
14580	176401
14586	154101
14605	42101
14606	94601
14607	170001
14608	58501
14609	84601
14610	151501
14611	53301
14612	129101
14613	51901
14615	76401
14616	91101
14617	117701
14618	188301
14619	64601
14620	125101
14621	46501
14622	105001
14623	113901
14624	121501
14625	168001
14626	127501
14701	58101
14706	107101
14710	105701
14712	152001
14715	44701
14716	74901
14718	83801
14719	63101
14724	108901
14727	64701
14733	60701
14735	61001
14737	65901
14738	79901
14739	46601
14741	115601
14747	75001
14750	90301
14755	73001
14757	111901
14760	58401
14770	65201
14775	80001
14781	85901
14782	70001
14787	77501
14801	77501
14806	49401
14807	77701
14809	78701
14812	85101
14813	55301
14814	170401
14817	146401
14826	71701
14830	104501
14840	184901
14843	66901
14845	132201
14850	222201
14865	97001
14867	142201
14870	121201
14871	114801
14873	77901
14879	86701
14880	54501
14882	179701
14883	107801
14886	173301
14891	100901
14892	95601
14895	50901
14901	62601
14903	86401
14904	61801
14905	106901
6001	353701
6002	180901
6010	175501
6013	305601
6016	223501
6018	171601
6019	213201
6021	224001
6026	255601
6027	245801
6029	243901
6031	254801
6032	282501
6033	303401
6035	240401
6037	263201
6039	427101
6040	169501
6042	158801
6043	256001
6051	114301
6052	169401
6053	133401
6057	249201
6058	289001
6060	336801
6062	179201
6063	221601
6066	182701
6067	236001
6068	397201
6069	382501
6070	303001
6071	275401
6073	384601
6074	234701
6076	186101
6078	276101
6081	202201
6082	169001
6084	260501
6085	267501
6088	163401
6089	269501
6092	349001
6093	290301
6095	195401
6096	161901
6098	154501
6105	108701
6106	88701
6107	361601
6108	133901
6109	236301
6110	195801
6111	208601
6112	94101
6114	96601
6117	340201
6118	152801
6119	244401
6120	103701
6226	122501
6231	246601
6232	230001
6234	199501
6235	181201
6237	233201
6238	217001
6239	152201
6241	168301
6242	216501
6247	193901
6248	269901
6249	218201
6250	207101
6254	208701
6255	162601
6256	147401
6259	243701
6260	153801
6268	238301
6277	183701
6278	181401
6279	220401
6280	172801
6281	222901
6282	194801
6320	149801
6330	165301
6331	203301
6333	296201
6334	207101
6335	214801
6339	205401
6340	188701
6351	168601
6354	158001
6355	255101
6357	243801
6359	236401
6360	144801
6365	207401
6370	194301
6371	366301
6374	153501
6375	210501
6377	178901
6378	376001
6379	231901
6382	158301
6384	194301
6385	229901
6401	188901
6403	228501
6405	264101
6410	296301
6412	294101
6413	252501
6415	231501
6416	199701
6417	241001
6418	169301
6419	336601
6420	240801
6422	290501
6423	247601
6424	231301
6426	425601
6437	352401
6438	272901
6442	290601
6443	418601
6447	283801
6450	157901
6451	162501
6455	249201
6457	197301
6460	263901
6461	283401
6468	335701
6469	209401
6470	370101
6471	251001
6472	272101
6473	271401
6475	367201
6477	353001
6478	324701
6479	232801
6480	225101
6481	216001
6482	344201
6483	206501
6484	301001
6488	267001
6489	258701
6492	235201
6498	327801
6511	191101
6512	185101
6513	138001
6514	162801
6515	199901
6516	164801
6517	224801
6518	242801
6519	113301
6524	342201
6525	388201
6604	146501
6605	175701
6606	157201
6607	130001
6608	128901
6610	132701
6611	360701
6612	594801
6614	238201
6615	188801
6704	93301
6705	103301
6706	106901
6708	121201
6710	113101
6712	264001
6716	207701
6750	249701
6751	274001
6752	460401
6754	323801
6756	322201
6757	286901
6759	314701
6762	277801
6763	288201
6770	166501
6776	248901
6777	411401
6778	217301
6779	171801
6782	172101
6783	558001
6784	417901
6786	157401
6787	168001
6790	141101
6791	247201
6793	602901
6794	496701
6795	233801
6796	389901
6798	280401
6801	287801
6804	346901
6807	1025001
6810	221901
6811	275901
6812	340601
6820	1354001
6824	615501
6825	432801
6830	1462401
6831	1290101
6840	1282501
6850	353001
6851	367301
6853	882901
6854	302701
6855	382401
6870	1308801
6877	598601
6878	1457701
6880	1067301
6883	820201
6890	855601
6896	524601
6897	743901
6901	217401
6902	346401
6903	690001
6905	484301
6906	386201
6907	419901
7001	227701
7002	279501
7003	288601
7004	473101
7005	390301
7006	486901
7008	212101
7009	427201
7010	376601
7011	265101
7012	300201
7013	303101
7014	294901
7016	422301
7017	186101
7018	175301
7020	447501
7021	815401
7022	300801
7023	413201
7024	494801
7026	285701
7027	341301
7028	510601
7029	291301
7030	534201
7031	299101
7032	281001
7033	323701
7034	264901
7035	298501
7036	221301
7039	550601
7040	434801
7041	640601
7042	484501
7043	611201
7044	407201
7045	524501
7046	642301
7047	282401
7050	191601
7052	339601
7054	406801
7055	227901
7057	326701
7058	550501
7059	684101
7060	216301
7062	192401
7063	185101
7064	239501
7065	224401
7066	374701
7067	306101
7068	530201
7069	620901
7070	404801
7071	315301
7072	311501
7073	333101
7075	322901
7076	434401
7077	242201
7078	1187301
7079	494401
7080	273001
7081	379401
7082	498501
7083	273701
7086	544201
7087	265801
7090	690501
7092	581201
7093	276601
7094	399501
7095	229501
7102	231801
7103	176001
7105	247901
7106	167601
7107	196501
7108	199501
7109	256601
7110	353601
7111	163501
7112	195501
7114	219501
7201	199901
7202	204901
7203	157001
7204	250401
7205	189901
7206	189501
7208	237901
7302	512701
7304	233201
7305	237501
7306	262701
7307	307801
7310	514301
7401	618201
7403	251001
7405	397101
7407	306401
7410	353701
7416	177501
7417	949201
7418	225801
7419	195401
7420	210801
7421	217101
7422	171701
7423	673101
7424	327201
7430	435301
7432	419701
7435	319901
7436	405501
7438	285601
7439	191501
7440	349001
7442	254101
7444	389601
7446	481301
7450	685401
7452	568101
7456	307101
7457	316201
7458	863801
7460	234701
7461	222301
7462	143401
7463	411301
7465	304601
7470	398901
7480	235801
7481	709201
7501	195901
7502	209301
7503	205901
7504	220201
7506	329401
7508	288901
7512	330701
7513	213001
7514	202501
7522	174501
7524	204201
7601	248301
7603	298301
7604	353701
7605	476101
7606	337901
7607	340801
7621	295501
7624	617001
7626	500901
7627	664801
7628	318801
7630	430401
7631	330301
7632	1093501
7640	599701
7641	593201
7642	489701
7643	285801
7644	310101
7645	556401
7646	365101
7647	418301
7648	499601
7649	535101
7650	486101
7652	540501
7656	480201
7657	398701
7660	275501
7661	413001
7662	306901
7663	338601
7666	348501
7670	713601
7675	491501
7676	471901
7677	688401
7701	360101
7702	476501
7704	605301
7711	854401
7712	305301
7716	386401
7717	836401
7718	294301
7719	371401
7720	469001
7721	264301
7722	688701
7723	1463001
7724	326201
7726	399401
7727	396201
7728	321801
7730	304301
7731	298801
7732	236201
7733	636201
7734	176201
7735	220901
7737	298501
7738	511101
7739	533601
7740	303801
7746	469101
7747	322201
7748	373201
7750	540801
7751	497801
7753	236101
7755	338901
7756	397701
7757	437301
7758	287201
7760	827401
7762	572701
7764	392101
7801	248901
7803	261101
7821	265701
7823	190401
7825	277301
7826	233101
7827	188601
7828	272201
7830	424401
7832	237401
7834	346201
7836	332801
7838	245401
7840	253301
7843	189401
7847	242301
7848	269901
7849	266701
7850	248301
7852	274201
7853	418401
7856	282301
7857	249101
7860	226401
7863	194101
7865	244901
7866	285601
7869	461001
7871	319901
7874	221901
7876	342401
7882	183801
7885	261001
7901	754701
7920	568001
7921	311201
7922	527601
7924	635201
7927	413401
7928	733101
7930	598901
7931	1014901
7932	612601
7933	461901
7934	640701
7936	459601
7940	560701
7945	702301
7946	481701
7950	417101
7960	486901
7974	550201
7980	445301
7981	422401
8002	194701
8003	267101
8004	170301
8005	226001
8006	698801
8007	162001
8008	705001
8009	195301
8010	160801
8012	178201
8015	139301
8016	192101
8020	221601
8021	113401
8022	281901
8026	155801
8027	166601
8028	162401
8029	145201
8030	99501
8031	140501
8033	373701
8034	207501
8035	250501
8036	234101
8037	168801
8043	271701
8045	135901
8046	142101
8048	264001
8049	133301
8050	239101
8051	156901
8052	157601
8053	247701
8054	210001
8055	315901
8056	316701
8057	424401
8059	138301
8060	187601
8061	228101
8062	309601
8063	128201
8065	141801
8066	113901
8067	167301
8068	158901
8069	109601
8070	132601
8071	164401
8075	193701
8077	240401
8078	134101
8079	106601
8080	221401
8081	162401
8083	154201
8084	154201
8085	235701
8086	183201
8087	180101
8088	244701
8089	166801
8090	162001
8091	159501
8092	262601
8093	129401
8094	178901
8096	164001
8097	169101
8098	205601
8102	74801
8103	70901
8104	62301
8105	69901
8106	176201
8107	151901
8108	218001
8109	150601
8110	117001
8201	171901
8202	923401
8203	322401
8204	273701
8205	173101
8210	226301
8215	162101
8221	262901
8223	241501
8225	196501
8226	498301
8230	262101
8232	92601
8234	196601
8241	170801
8242	191401
8243	592401
8244	194301
8247	1067501
8251	147601
8260	265301
8270	218701
8302	117301
8310	171201
8311	127301
8312	151501
8317	161501
8318	174001
8319	172001
8322	189001
8326	141901
8328	159201
8330	154901
8332	119701
8341	137101
8343	200001
8344	159101
8345	129901
8349	101601
8360	133501
8361	172801
8401	139601
8402	437101
8403	713901
8406	254801
8501	357101
8502	582301
8505	229601
8510	513401
8512	418501
8514	360401
8515	389201
8518	167701
8520	222001
8525	412201
8527	296601
8530	347201
8533	301901
8534	408301
8535	517301
8536	352601
8540	546901
8542	467101
8550	591601
8551	423401
8554	144301
8558	646201
8559	378701
8560	370601
8562	271801
8609	82501
8610	153001
8611	75001
8618	125401
8619	215301
8620	225401
8628	218401
8629	90301
8638	122201
8648	242701
8690	249001
8691	352401
8701	238901
8721	225201
8722	207701
8723	226101
8724	227401
8730	598501
8731	228301
8732	311701
8733	182201
8734	267101
8735	460101
8736	490801
8738	995201
8740	197101
8741	246701
8742	372401
8750	585701
8751	287301
8752	435501
8753	250701
8755	253201
8757	134201
8758	254901
8759	130101
8801	381501
8802	329301
8804	273201
8805	268901
8807	409401
8809	317801
8810	338401
8812	286501
8816	321201
8817	263401
8820	443501
8822	357701
8823	216101
8824	351301
8825	308401
8826	280701
8827	318501
8828	189801
8829	238001
8830	253701
8831	290101
8833	445501
8835	236201
8836	526101
8837	270201
8840	351901
8844	372401
8846	257901
8848	299701
8850	300301
8852	334101
8853	497901
8854	284401
8857	301601
8859	256601
8861	202301
8863	247101
8865	156201
8867	446601
8869	302301
8872	253401
8873	290101
8876	316701
8879	228201
8880	218201
8882	234701
8884	254901
8886	265401
8887	172601
8889	398901
8901	232801
8902	265801
8904	293401
