10001	2297201
10002	894801
10003	1440201
10004	1533801
10005	1207001
10007	2593101
10009	1093101
10013	3112601
10025	1024101
10027	957001
10029	703801
10030	552501
10031	618301
10036	1159801
10280	745001
10301	421101
10302	328401
10303	279901
10304	387401
10305	376801
10306	401401
10307	483901
10308	410701
10309	459101
10310	392901
10312	424001
10314	392801
10456	259801
10459	277501
10462	102701
10463	522501
10464	436501
10465	390001
10466	340801
10467	319001
10469	356501
10471	767701
10473	329301
10502	548701
10504	1038701
10506	1247101
10507	473701
10509	282901
10510	640801
10512	236701
10514	794401
10516	431001
10518	531701
10520	456101
10522	556201
10523	378801
10524	428801
10526	565701
10528	860101
10530	428701
10532	486801
10533	680001
10536	585701
10537	187501
10538	993201
10541	319601
10543	597401
10546	594001
10547	314301
10548	366201
10549	584701
10550	269001
10552	470301
10553	313701
10560	538601
10562	331001
10566	242201
10567	313601
10570	588501
10573	504401
10576	948701
10577	1773601
10579	323501
10580	1657801
10583	911001
10588	335201
10589	364801
10590	587501
10591	503201
10594	579801
10595	498201
10598	348401
10601	298801
10603	388701
10604	588101
10605	619101
10606	427401
10607	397301
10701	360001
10703	306601
10704	352901
10705	393401
10706	611001
10707	531101
10708	665401
10709	603901
10710	383901
10801	476801
10803	687801
10804	663501
10805	486401
10901	389401
10913	463601
10916	302601
10917	283201
10918	245401
10920	354701
10921	218801
10923	286401
10924	254601
10925	207201
10926	168601
10928	224301
10930	267101
10940	160301
10941	213301
10950	233401
10954	332101
10956	420201
10958	222401
10960	408901
10962	433001
10963	204401
10964	582201
10965	396501
10968	580901
10970	384701
10973	243101
10974	273101
10980	295901
10983	421701
10984	321401
10986	371101
10987	440101
10989	332501
10990	270901
10992	240601
10993	190801
10994	412101
10998	267201
11001	506101
11003	338301
11004	573901
11010	410101
11020	1024401
11021	1047301
11023	1005701
11024	1650701
11030	1340201
11040	539901
11050	787501
11096	351401
11101	830501
11103	680001
11105	679701
11106	586901
11201	1004901
11203	384001
11204	707301
11205	764201
11207	312501
11208	326801
11209	827401
11210	608701
11211	910201
11212	309301
11214	587901
11215	937401
11216	762601
11217	992501
11218	739601
11220	617901
11221	769201
11222	833001
11224	436101
11225	928701
11226	632401
11228	751001
11229	557601
11230	825001
11231	916901
11232	570201
11234	455401
11235	585801
11236	351001
11238	807201
11249	968901
11354	560701
11355	582201
11356	547301
11357	738601
11358	703401
11360	662001
11361	681701
11362	785901
11363	872201
11364	721501
11365	681801
11366	718701
11367	583701
11368	414301
11369	520501
11370	528101
11372	482601
11373	448801
11374	602301
11375	772801
11377	582301
11378	545701
11379	584701
11385	491001
11411	385301
11412	374701
11413	385701
11414	541801
11415	547701
11416	400201
11417	403101
11418	452501
11419	397701
11420	391901
11421	407701
11422	383601
11423	441001
11426	514401
11427	476401
11428	419401
11429	391201
11432	623901
11433	346001
11434	352701
11435	398801
11436	332201
11501	471201
11507	605001
11509	828501
11510	355101
11514	436701
11516	581001
11518	429201
11520	323401
11530	725101
11542	512601
11545	909601
11550	275701
11552	397701
11553	294301
11554	402301
11557	545601
11558	379501
11559	1056601
11560	726401
11561	480201
11563	405801
11565	405101
11566	469001
11568	2037901
11569	723101
11570	625401
11572	405001
11575	263401
11576	958901
11577	809301
11579	639501
11580	356001
11581	407301
11590	408201
11596	540701
11598	639001
11691	390401
11692	301001
11693	339901
11694	629101
11701	266001
11702	372501
11703	290101
11704	286201
11705	389401
11706	267201
11709	514801
11710	433001
11713	244601
11714	400301
11716	332601
11717	230801
11718	402701
11719	299901
11720	284601
11721	454701
11722	223501
11724	1293101
11725	404201
11726	237801
11727	243101
11729	273001
11730	366401
11731	412201
11732	627801
11733	430901
11735	363501
11738	270901
11739	467901
11740	416801
11741	302501
11742	311001
11743	496901
11746	381801
11747	449601
11749	287701
11751	319601
11752	294301
11753	727901
11754	383301
11755	388701
11756	338801
11757	285801
11758	428401
11762	414401
11763	231501
11764	388601
11766	384601
11767	381201
11768	543301
11769	358701
11771	854501
11772	242801
11776	284001
11777	391301
11778	248501
11779	287401
11780	436101
11782	391001
11783	414301
11784	252001
11786	376701
11787	417501
11788	413501
11789	224001
11790	364701
11791	615101
11792	403001
11793	410001
11795	342301
11796	350701
11797	907601
11798	259801
11801	385901
11803	508301
11804	535801
11901	326201
11932	2185701
11933	346401
11934	317201
11935	582901
11937	1130601
11939	561201
11940	334801
11941	453101
11942	566601
11944	407501
11946	435401
11948	519701
11949	328901
11950	178301
11951	169001
11952	491801
11953	214801
11954	827501
11955	288301
11957	788301
11958	620901
11959	1432201
11960	1082701
11961	211301
11967	201201
11971	558401
11976	2642001
11977	724001
11980	232401
12009	215901
12018	202201
12019	254601
12020	217201
12023	151701
12025	138701
12027	218701
12032	165301
12033	186001
12043	113501
12047	161001
12053	137701
12054	239701
12057	130701
12059	177801
12061	211401
12062	156101
12065	256801
12066	118301
12074	168001
12076	111501
12077	259301
12078	79701
12084	238401
12090	110401
12093	113001
12094	165801
12095	94601
12110	216901
12116	103701
12117	122801
12118	222801
12121	173801
12122	103601
12123	165801
12134	184701
12137	129501
12138	134901
12140	181401
12143	156201
12144	155501
12148	310301
12149	115701
12154	163601
12157	123401
12158	192501
12159	319501
12168	159901
12170	189001
12180	153101
12182	130401
12185	148901
12186	226501
12188	186201
12189	152801
12196	212201
12197	81901
12198	172601
12202	80101
12203	173501
12204	173901
12205	172401
12206	91601
12208	171501
12209	141501
12210	135601
12211	262001
12302	164401
12303	164601
12304	109301
12306	147701
12308	108701
12309	218401
12401	148201
12404	214701
12409	333501
12428	105901
12429	161801
12440	224301
12443	185001
12446	154901
12449	160201
12458	104201
12461	249601
12466	183701
12472	164901
12477	172301
12481	225101
12484	248001
12486	178601
12487	181401
12491	199301
12498	279001
12518	256401
12520	260301
12525	243901
12528	206101
12542	200901
12543	138101
12547	214001
12549	223901
12550	176501
12553	197001
12561	263701
12563	230301
12566	165901
12575	270801
12577	256401
12586	187601
12589	186501
12729	151201
12740	135601
12771	138401
12780	171101
12801	127301
12803	159501
12804	194601
12809	145801
12814	350301
12815	257901
12816	129901
12817	249301
12822	144301
12824	380401
12828	131101
12831	233601
12832	111301
12833	221301
12834	138901
12835	163901
12836	296001
12839	120701
12845	260301
12846	167101
12850	196101
12859	221001
12865	111301
12866	308201
12870	160201
12871	169401
12883	110601
12885	147701
12887	84401
12901	132401
12903	121401
12910	79301
12912	98401
12918	109301
12919	101801
12920	76501
12921	129701
12928	100001
12932	112401
12935	93601
12937	62501
12941	124601
12942	243901
12944	83101
12946	209101
12953	69001
12958	90801
12962	136801
12972	145301
12979	122001
12981	104501
12983	154401
12986	101701
12992	106801
12993	129301
12996	126501
13021	108401
13027	140201
13029	138001
13030	123601
13031	138701
13032	105701
13033	91701
13034	137301
13035	192401
13036	103301
13037	121601
13039	152301
13040	78201
13042	118001
13044	118301
13045	98601
13053	153101
13057	111401
13060	135201
13063	145701
13066	192501
13068	153801
13069	78101
13073	126201
13074	84001
13076	102801
13077	115501
13078	210701
13080	124101
13082	125601
13083	94901
13084	139901
13088	106001
13092	115701
13101	81101
13104	214101
13108	155701
13110	124601
13112	133601
13114	102501
13116	115501
13118	114201
13120	80201
13126	83501
13131	95201
13132	109201
13135	102801
13140	86101
13142	99201
13143	78601
13145	103701
13148	88801
13152	272901
13156	102301
13159	151801
13160	124801
13164	154801
13165	74401
13166	112601
13203	75501
13204	62101
13205	61401
13206	81001
13207	70501
13208	72901
13209	105901
13210	117701
13211	79501
13212	91501
13214	142401
13215	176401
13219	118101
13224	135301
13304	139201
13308	107801
13309	109301
13316	102401
13320	100701
13323	146401
13326	229601
13332	83901
13338	134001
13346	163001
13354	132501
13363	124101
13403	138101
13408	110601
13409	90001
13411	76001
13413	145701
13417	107701
13421	103401
13424	117601
13425	83601
13438	123001
13439	103401
13440	94201
13456	141501
13460	93701
13461	122901
13471	93101
13476	120301
13478	104801
13480	108401
13490	117201
13491	104001
13492	121801
13493	80201
13495	90001
13501	90101
13502	85201
13601	120401
13605	129501
13607	117901
13612	137701
13617	102001
13618	139101
13619	119501
13622	150601
13624	143201
13634	136701
13637	143101
13642	58301
13646	94801
13650	133601
13656	119601
13658	72001
13662	70401
13667	61201
13668	72401
13669	62201
13676	87701
13679	126401
13685	178101
13691	108501
13730	99701
13732	118201
13733	85901
13734	95201
13746	106701
13748	101101
13760	104101
13778	105601
13787	105101
13790	76001
13795	96301
13803	90301
13811	96301
13812	93801
13815	82101
13820	114601
13825	117601
13827	103301
13830	72901
13833	109801
13850	126601
13862	106501
13865	109001
13901	109301
13903	95301
13904	81701
13905	103001
14001	164701
14004	148101
14005	113201
14006	114301
14012	118401
14020	90401
14025	183001
14028	138201
14030	140501
14036	125701
14040	131101
14042	54901
14048	54301
14058	96801
14062	88301
14065	105001
14067	110601
14070	72401
14080	167001
14081	116301
14092	166901
14094	112501
14098	90201
14101	98401
14103	68601
14105	94701
14108	104001
14120	121401
14125	85101
14131	133601
14132	144501
14136	87301
14138	64201
14141	122701
14143	117101
14171	84701
14172	131301
14174	156801
14201	137201
14212	58601
14214	111101
14216	146801
14218	98101
14301	42101
14303	38901
14304	86901
14305	60701
14411	77701
14414	132601
14416	125001
14420	126201
14422	104901
14423	120401
14428	145601
14435	150601
14437	81801
14445	94901
14450	181101
14454	158401
14464	115801
14467	131401
14468	133301
14470	98001
14472	218101
14476	111701
14477	119301
14481	107401
14482	104801
14485	133701
14487	144701
14506	232201
14510	73101
14514	153901
14517	78701
14521	91401
14525	105501
14526	169201
14533	109001
14534	241501
14541	163201
14543	171301
14546	122901
14559	142201
14560	95401
14572	86701
14580	172701
14586	158101
14605	40301
14606	92701
14607	179001
14608	51401
14609	84701
14610	150301
14611	46701
14612	128501
14613	53901
14615	76701
14616	90401
14617	119401
14618	183401
14619	63901
14620	126501
14621	44201
14622	102101
14623	115501
14624	122001
14625	167901
14626	127401
14701	58901
14706	109701
14710	114701
14712	175101
14715	45401
14716	66001
14718	81101
14719	65801
14724	111701
14727	65901
14733	64001
14735	54701
14737	59701
14738	87001
14739	44601
14741	119601
14747	70101
14750	102601
14755	66101
14757	131801
14760	60001
14770	72701
14775	74801
14781	91401
14782	78001
14787	85401
14801	72001
14806	47001
14807	82101
14809	75301
14812	80101
14813	52801
14814	161701
14817	143401
14826	77901
14830	97901
14840	194501
14843	65801
14845	123601
14850	224501
14865	106001
14867	135201
14870	112401
14871	110901
14873	82001
14879	64501
14880	45801
14882	179701
14883	108301
14886	175501
14891	104901
14892	88401
14895	47301
14901	59001
14903	82501
14904	59401
14905	108501
6001	361501
6002	191301
6010	170501
6013	306801
6016	216501
6018	178601
6019	214801
6021	241101
6026	249001
6027	236401
6029	239301
6031	265201
6032	279901
6033	310901
6035	229101
6037	261101
6039	447101
6040	168001
6042	159101
6043	262401
6051	113801
6052	164801
6053	131401
6057	263901
6058	334201
6060	334601
6062	184801
6063	226301
6066	176501
6067	239501
6068	450601
6069	392601
6070	294601
6071	273701
6073	395001
6074	239001
6076	179501
6078	282901
6081	186801
6082	168201
6084	253301
6085	261301
6088	160301
6089	267601
6092	339801
6093	286901
6095	186901
6096	173601
6098	148401
6105	105601
6106	85701
6107	353201
6108	136001
6109	238801
6110	194801
6111	202101
6112	87901
6114	87201
6117	330201
6118	148401
6119	250901
6120	90201
6226	122501
6231	241601
6232	228801
6234	192201
6235	174801
6237	225901
6238	214701
6239	158301
6241	178401
6242	226001
6247	201501
6248	258701
6249	219001
6250	206601
6254	214501
6255	159701
6256	154801
6259	247301
6260	153301
6268	235201
6277	185001
6278	183601
6279	218201
6280	175801
6281	223801
6282	193001
6320	137701
6330	192501
6331	210001
6333	294601
6334	211601
6335	207701
6339	197901
6340	189101
6351	178101
6354	150101
6355	268001
6357	252201
6359	220101
6360	140201
6365	202201
6370	183901
6371	364101
6374	143501
6375	198301
6377	166201
6378	373101
6379	226201
6382	160601
6384	205501
6385	220601
6401	175201
6403	227701
6405	271301
6410	289701
6412	288501
6413	235701
6415	226001
6416	196301
6417	230701
6418	160201
6419	359201
6420	232601
6422	291701
6423	238001
6424	230601
6426	421101
6437	347701
6438	279201
6442	298101
6443	415001
6447	265801
6450	150801
6451	153201
6455	229401
6457	188801
6460	262201
6461	280001
6468	344901
6469	200701
6470	361501
6471	236301
6472	263201
6473	264601
6475	360001
6477	339701
6478	322501
6479	226501
6480	221701
6481	219701
6482	340201
6483	211201
6484	291801
6488	256801
6489	251901
6492	231801
6498	327901
6511	189601
6512	174601
6513	133501
6514	164401
6515	186201
6516	166001
6517	215001
6518	234401
6519	106501
6524	317001
6525	394201
6604	162101
6605	184701
6606	159201
6607	145901
6608	147401
6610	141101
6611	353301
6612	608201
6614	242901
6615	190401
6704	94201
6705	94401
6706	94601
6708	114201
6710	111701
6712	262701
6716	196001
6750	242101
6751	296001
6752	448201
6754	329501
6756	314301
6757	320101
6759	308901
6762	286001
6763	295501
6770	164601
6776	251101
6777	423101
6778	216201
6779	169901
6782	165301
6783	634801
6784	428001
6786	152801
6787	160601
6790	136401
6791	244101
6793	682301
6794	501701
6795	234301
6796	410301
6798	286301
6801	293801
6804	327201
6807	1073601
6810	217801
6811	268601
6812	319101
6820	1383801
6824	608901
6825	428101
6830	1518301
6831	1309401
6840	1340401
6850	369001
6851	389801
6853	956401
6854	324301
6855	381801
6870	1382801
6877	593501
6878	1421801
6880	1104501
6883	803801
6890	898701
6896	530201
6897	755301
6901	221701
6902	360501
6903	696101
6905	488601
6906	394501
6907	430201
7001	246701
7002	280201
7003	291001
7004	450401
7005	393901
7006	494201
7008	221501
7009	443301
7010	406001
7011	260301
7012	303101
7013	318401
7014	290901
7016	423201
7017	175601
7018	165201
7020	472601
7021	840401
7022	320401
7023	408901
7024	505401
7026	283301
7027	349001
7028	563401
7029	287101
7030	579901
7031	322801
7032	283801
7033	307101
7034	269701
7035	312301
7036	230601
7039	556401
7040	479901
7041	734901
7042	472601
7043	665401
7044	429101
7045	534801
7046	644501
7047	281601
7050	173801
7052	338401
7054	420501
7055	278801
7057	311001
7058	548501
7059	683101
7060	224201
7062	192501
7063	196701
7064	262101
7065	225801
7066	390201
7067	318701
7068	540101
7069	648401
7070	413701
7071	319301
7072	322001
7073	311601
7075	359001
7076	432601
7077	250501
7078	1329201
7079	535601
7080	325201
7081	379401
7082	519501
7083	270301
7086	598901
7087	291001
7090	674201
7092	553101
7093	303201
7094	375501
7095	241901
7102	252701
7103	161601
7105	254701
7106	156301
7107	197701
7108	197101
7109	249401
7110	350301
7111	152501
7112	198501
7114	234001
7201	227401
7202	242401
7203	163701
7204	236001
7205	200001
7206	199901
7208	253301
7302	562701
7304	220201
7305	239601
7306	278601
7307	312001
7310	566401
7401	624801
7403	256401
7405	414501
7407	313101
7410	356301
7416	161201
7417	929801
7418	215101
7419	199901
7420	215101
7421	219301
7422	178801
7423	714901
7424	324901
7430	420701
7432	412001
7435	322801
7436	425701
7438	283801
7439	197701
7440	358301
7442	266101
7444	399701
7446	505101
7450	643301
7452	579601
7456	292401
7457	285301
7458	991201
7460	217201
7461	221301
7462	148201
7463	407501
7465	289601
7470	405101
7480	237001
7481	703901
7501	195401
7502	212001
7503	232601
7504	243701
7506	332701
7508	289801
7512	330401
7513	227601
7514	205801
7522	193101
7524	205001
7601	279101
7603	294801
7604	367301
7605	458001
7606	336401
7607	335701
7621	311601
7624	595701
7626	528401
7627	701701
7628	334001
7630	433601
7631	336501
7632	1123801
7640	575201
7641	702601
7642	499201
7643	318201
7644	321801
7645	533701
7646	352501
7647	422501
7648	506601
7649	532901
7650	545201
7652	546901
7656	469501
7657	426201
7660	307801
7661	438901
7662	324001
7663	342401
7666	366201
7670	733101
7675	499001
7676	468701
7677	686901
7701	364001
7702	508501
7704	635601
7711	824201
7712	339901
7716	383501
7717	833701
7718	300001
7719	394701
7720	499801
7721	276901
7722	692901
7723	1445301
7724	334101
7726	406401
7727	416701
7728	330101
7730	304301
7731	301601
7732	241701
7733	638501
7734	184801
7735	230401
7737	296701
7738	504601
7739	587001
7740	325201
7746	476701
7747	328101
7748	380001
7750	555201
7751	514201
7753	262401
7755	353901
7756	405701
7757	444201
7758	269601
7760	798001
7762	578001
7764	402501
7801	266701
7803	251901
7821	261301
7823	201101
7825	277801
7826	238601
7827	174101
7828	263301
7830	445001
7832	241501
7834	373201
7836	342601
7838	252201
7840	247201
7843	192501
7847	246401
7848	273601
7849	267501
7850	250001
7852	275601
7853	444501
7856	298301
7857	254801
7860	218601
7863	205801
7865	244301
7866	304701
7869	460901
7871	304901
7874	213901
7876	343201
7882	198601
7885	254801
7901	765401
7920	590401
7921	327301
7922	518601
7924	629001
7927	421901
7928	746801
7930	594801
7931	993801
7932	634501
7933	480001
7934	631001
7936	517301
7940	616101
7945	708501
7946	530701
7950	432201
7960	510901
7974	554801
7980	444301
7981	438101
8002	204201
8003	272901
8004	165701
8005	226401
8006	710201
8007	165801
8008	725201
8009	198801
8010	173201
8012	178601
8015	151801
8016	195801
8020	225001
8021	119601
8022	276101
8026	187601
8027	163601
8028	171201
8029	151401
8030	111301
8031	142401
8033	378101
8034	211801
8035	249401
8036	267501
8037	172801
8043	264901
8045	125701
8046	140701
8048	287001
8049	140801
8050	241001
8051	160101
8052	164301
8053	251701
8054	222201
8055	313901
8056	321701
8057	418401
8059	141901
8060	191201
8061	229601
8062	319001
8063	137801
8065	149701
8066	111101
8067	167201
8068	159501
8069	115701
8070	132901
8071	165001
8075	190501
8077	241801
8078	137901
8079	121901
8080	230501
8081	171601
8083	151801
8084	157801
8085	248901
8086	193701
8087	195701
8088	241901
8089	163101
8090	173501
8091	155701
8092	258601
8093	138901
8094	183801
8096	165901
8097	175201
8098	214301
8102	64601
8103	65301
8104	58501
8105	74601
8106	185601
8107	156701
8108	229401
8109	150601
8110	114801
8201	165301
8202	993901
8203	300901
8204	273801
8205	158501
8210	226401
8215	159801
8221	252701
8223	264801
8225	193201
8226	485001
8230	277701
8232	101801
8234	198701
8241	183701
8242	195601
8243	627001
8244	186201
8247	1077201
8251	142701
8260	261501
8270	226301
8302	119501
8310	167801
8311	136001
8312	149201
8317	182101
8318	185601
8319	175001
8322	185201
8326	153801
8328	153601
8330	155301
8332	116401
8341	145001
8343	213101
8344	161501
8345	139301
8349	106301
8360	135401
8361	172801
8401	144401
8402	437901
8403	688801
8406	250801
8501	362901
8502	610101
8505	237401
8510	520001
8512	428001
8514	368301
8515	410901
8518	182901
8520	229501
8525	392701
8527	309701
8530	364301
8533	297301
8534	410701
8535	538901
8536	363401
8540	575601
8542	444001
8550	617301
8551	428601
8554	147701
8558	698701
8559	391301
8560	383901
8562	299201
8609	88001
8610	163001
8611	76601
8618	114301
8619	222901
8620	245201
8628	217501
8629	100001
8638	130301
8648	255101
8690	260601
8691	355301
8701	254501
8721	241901
8722	218501
8723	245201
8724	243301
8730	633001
8731	241001
8732	343601
8733	161401
8734	291601
8735	476301
8736	533401
8738	940701
8740	201301
8741	249601
8742	375001
8750	651001
8751	252301
8752	445501
8753	245101
8755	250801
8757	140601
8758	274201
8759	140301
8801	393701
8802	340401
8804	286601
8805	246101
8807	421601
8809	327401
8810	353301
8812	296901
8816	339401
8817	269501
8820	448801
8822	362601
8823	214101
8824	380301
8825	315501
8826	304801
8827	326501
8828	190501
8829	243001
8830	267701
8831	287001
8833	441001
8835	254601
8836	536201
8837	287301
8840	367701
8844	384601
8846	264001
8848	292101
8850	316601
8852	345201
8853	506301
8854	281601
8857	315501
8859	280601
8861	224101
8863	257801
8865	157401
8867	442001
8869	321301
8872	286201
8873	291501
8876	334601
8879	250801
8880	226501
8882	241801
8884	278001
8886	268901
8887	173301
8889	413101
8901	254601
8902	271101
8904	329901
