10001	2454301
10002	925501
10003	1578001
10004	1530201
10005	1214501
10007	2680601
10009	1129001
10013	3148201
10025	1084101
10027	1058101
10029	715401
10030	595801
10031	663701
10036	1296001
10280	814701
10301	419901
10302	332401
10303	286301
10304	389901
10305	382101
10306	405601
10307	483701
10308	414301
10309	463101
10310	390601
10312	427801
10314	401001
10456	246101
10459	298501
10462	107201
10463	508901
10464	451101
10465	399301
10466	352901
10467	316601
10469	364601
10471	757001
10473	334901
10502	564701
10504	1078201
10506	1259601
10507	525001
10509	289101
10510	644501
10512	242201
10514	801401
10516	440801
10518	499901
10520	479801
10522	580801
10523	392101
10524	439401
10526	524401
10528	888801
10530	446801
10532	503501
10533	687601
10536	579101
10537	189701
10538	1061301
10541	328701
10543	625101
10546	589201
10547	328501
10548	376701
10549	594801
10550	282801
10552	493001
10553	360301
10560	506201
10562	348701
10566	261801
10567	334801
10570	590501
10573	523201
10576	936801
10577	1685701
10579	341401
10580	1725301
10583	969301
10588	343801
10589	380801
10590	570801
10591	519901
10594	588301
10595	499801
10598	362001
10601	316901
10603	420301
10604	618501
10605	642601
10606	445001
10607	423801
10701	370601
10703	322601
10704	368101
10705	403701
10706	659301
10707	538101
10708	700101
10709	640101
10710	412001
10801	479101
10803	726101
10804	683101
10805	533701
10901	378801
10913	458001
10916	297701
10917	275301
10918	246101
10920	344901
10921	219401
10923	280701
10924	250901
10925	210601
10926	162501
10928	201801
10930	259701
10940	153001
10941	207901
10950	228301
10954	325501
10956	422401
10958	213401
10960	414001
10962	427401
10963	191301
10964	579301
10965	389601
10968	607401
10970	381601
10973	241201
10974	272701
10980	306201
10983	424701
10984	315901
10986	352401
10987	419401
10989	334701
10990	268901
10992	237601
10993	191101
10994	406501
10998	255201
11001	516601
11003	345901
11004	578401
11010	418201
11020	1068801
11021	1065501
11023	996301
11024	1812601
11030	1406601
11040	550301
11050	800601
11096	345701
11101	743201
11103	717501
11105	710201
11106	585601
11201	1058801
11203	389501
11204	719101
11205	734101
11207	322701
11208	340901
11209	847901
11210	628601
11211	945401
11212	317401
11214	581001
11215	981801
11216	793701
11217	1047001
11218	766101
11220	618301
11221	853501
11222	855501
11224	455701
11225	1080401
11226	644501
11228	767901
11229	569701
11230	846201
11231	994101
11232	614401
11234	467801
11235	582901
11236	359101
11238	854401
11249	955701
11354	555901
11355	579001
11356	573201
11357	776701
11358	731401
11360	672301
11361	720001
11362	814501
11363	881501
11364	752301
11365	705901
11366	745001
11367	617901
11368	427501
11369	550801
11370	558101
11372	462401
11373	467501
11374	623101
11375	791601
11377	614201
11378	579601
11379	611701
11385	512201
11411	396701
11412	386501
11413	394201
11414	550101
11415	492001
11416	420101
11417	424101
11418	470401
11419	406501
11420	410101
11421	421501
11422	393801
11423	453701
11426	520801
11427	487301
11428	435801
11429	404201
11432	651101
11433	359201
11434	364101
11435	411901
11436	350401
11501	474901
11507	610801
11509	810701
11510	356401
11514	438001
11516	590401
11518	431601
11520	319201
11530	741601
11542	504101
11545	901601
11550	280701
11552	405601
11553	297501
11554	407501
11557	545801
11558	372001
11559	1080101
11560	731901
11561	480401
11563	405101
11565	416001
11566	472301
11568	2157201
11569	678601
11570	627501
11572	408601
11575	269701
11576	984401
11577	817701
11579	645901
11580	360901
11581	409101
11590	413901
11596	554701
11598	635201
11691	393701
11692	287001
11693	336801
11694	645201
11701	262901
11702	377501
11703	282301
11704	275401
11705	379601
11706	264601
11709	516801
11710	439901
11713	246201
11714	401901
11716	335301
11717	236301
11718	419601
11719	346001
11720	290701
11721	480301
11722	224701
11724	1243301
11725	414701
11726	229301
11727	243501
11729	283001
11730	363601
11731	431801
11732	627101
11733	432101
11735	367401
11738	272001
11739	475401
11740	437601
11741	313901
11742	313601
11743	528901
11746	402801
11747	470901
11749	287001
11751	318101
11752	301901
11753	736401
11754	390001
11755	386901
11756	349801
11757	275701
11758	430801
11762	418001
11763	241101
11764	376801
11766	382601
11767	387201
11768	574001
11769	348801
11771	837301
11772	250201
11776	289901
11777	432301
11778	250001
11779	293601
11780	428701
11782	381001
11783	415501
11784	248101
11786	368201
11787	422801
11788	417601
11789	227101
11790	372901
11791	623201
11792	385101
11793	419101
11795	333901
11796	342701
11797	901101
11798	229201
11801	393401
11803	516201
11804	541201
11901	310501
11932	2426101
11933	332101
11934	324301
11935	616201
11937	1176201
11939	550401
11940	350601
11941	468301
11942	571001
11944	414001
11946	442201
11948	546301
11949	332401
11950	189301
11951	168301
11952	526601
11953	215701
11954	874601
11955	300501
11957	799101
11958	701401
11959	1525501
11960	1155901
11961	213801
11967	208701
11971	577401
11976	2932101
11977	732001
11980	234301
12009	216301
12018	201801
12019	253901
12020	218701
12023	141901
12025	145901
12027	222201
12032	169101
12033	178601
12043	115801
12047	157701
12053	129301
12054	234501
12057	133701
12059	173801
12061	216101
12062	156701
12065	258501
12066	121401
12074	168701
12076	110701
12077	255701
12078	79601
12084	245001
12090	108001
12093	113501
12094	164001
12095	100401
12110	216801
12116	105201
12117	125001
12118	226701
12121	176001
12122	94701
12123	166701
12134	169501
12137	123301
12138	129601
12140	182001
12143	151301
12144	149701
12148	311101
12149	114201
12154	163301
12157	122401
12158	187601
12159	315201
12168	158701
12170	190401
12180	150001
12182	128601
12185	144901
12186	221401
12188	194101
12189	157101
12196	208101
12197	78901
12198	171401
12202	79901
12203	172801
12204	164101
12205	169201
12206	94601
12208	167801
12209	138201
12210	142201
12211	263801
12302	162901
12303	162001
12304	104901
12306	146001
12308	106801
12309	215401
12401	145601
12404	222201
12409	333201
12428	106401
12429	161401
12440	225401
12443	184901
12446	153901
12449	157901
12458	102701
12461	247501
12466	181101
12472	165201
12477	169101
12481	223301
12484	253801
12486	174301
12487	181901
12491	198801
12498	283101
12518	252201
12520	257401
12525	246901
12528	204501
12542	202801
12543	133401
12547	217401
12549	216001
12550	171601
12553	191101
12561	264701
12563	236901
12566	162001
12575	271101
12577	250701
12586	185201
12589	186201
12729	135901
12740	128501
12771	130901
12780	161301
12801	126201
12803	157501
12804	202001
12809	147601
12814	368201
12815	259001
12816	129301
12817	248201
12822	143801
12824	366801
12828	138301
12831	234601
12832	113401
12833	223801
12834	143101
12835	158401
12836	300001
12839	128301
12845	264201
12846	176301
12850	196801
12859	222701
12865	113901
12866	306001
12870	167601
12871	166901
12883	106401
12885	145301
12887	86901
12901	135701
12903	121201
12910	80401
12912	99001
12918	110401
12919	100701
12920	80601
12921	133401
12928	90401
12932	110101
12935	97301
12937	63501
12941	125801
12942	226601
12944	80801
12946	215301
12953	73701
12958	95001
12962	142101
12972	149201
12979	123801
12981	109001
12983	159101
12986	100901
12992	107601
12993	132001
12996	114801
13021	110401
13027	142801
13029	135101
13030	112801
13031	136501
13032	102601
13033	93401
13034	138601
13035	199401
13036	108801
13037	119901
13039	148301
13040	81801
13042	114901
13044	120501
13045	104701
13053	156901
13057	108301
13060	139401
13063	157301
13066	189801
13068	157501
13069	80101
13073	130301
13074	90001
13076	107501
13077	118401
13078	213801
13080	128701
13082	121901
13083	100301
13084	142601
13088	113401
13092	122201
13101	84601
13104	218101
13108	156401
13110	140301
13112	137401
13114	107101
13116	114201
13118	121001
13120	73201
13126	83501
13131	98701
13132	112601
13135	108101
13140	88101
13142	103801
13143	80401
13145	107901
13148	90301
13152	273201
13156	97001
13159	147301
13160	129301
13164	159101
13165	71501
13166	112701
13203	75901
13204	72101
13205	64201
13206	84201
13207	70001
13208	72501
13209	111301
13210	127901
13211	75801
13212	106001
13214	146401
13215	175201
13219	119401
13224	136601
13304	141401
13308	106301
13309	114601
13316	101101
13320	100001
13323	149101
13326	224801
13332	86301
13338	135801
13346	153301
13354	132801
13363	119001
13403	140501
13408	108101
13409	88601
13411	80801
13413	148601
13417	108701
13421	98301
13424	119401
13425	82901
13438	125701
13439	101501
13440	92601
13456	144701
13460	98101
13461	123401
13471	90801
13476	117601
13478	103101
13480	108901
13490	117601
13491	105101
13492	124801
13493	86701
13495	92701
13501	92401
13502	85901
13601	120701
13605	136101
13607	124701
13612	144001
13617	107401
13618	144201
13619	122501
13622	152601
13624	145501
13634	141001
13637	143801
13642	63301
13646	103101
13650	149001
13656	122301
13658	82301
13662	78901
13667	67301
13668	79101
13669	66501
13676	92801
13679	135901
13685	184201
13691	123101
13730	94601
13732	113301
13733	86401
13734	95901
13746	104401
13748	100801
13760	106301
13778	103901
13787	103701
13790	74401
13795	99001
13803	94401
13811	94601
13812	101301
13815	79901
13820	117201
13825	119401
13827	98901
13830	79201
13833	109001
13850	128201
13862	104401
13865	106601
13901	108201
13903	97801
13904	77701
13905	105401
14001	158301
14004	144201
14005	111901
14006	107201
14012	117201
14020	90301
14025	175901
14028	138201
14030	129901
14036	127401
14040	137801
14042	54201
14048	60501
14058	98101
14062	90801
14065	102001
14067	110001
14070	71901
14080	164601
14081	118201
14092	170801
14094	115301
14098	98501
14101	99001
14103	72801
14105	96401
14108	104101
14120	123001
14125	86301
14131	136601
14132	144701
14136	90101
14138	66301
14141	115001
14143	114501
14171	84701
14172	135201
14174	160701
14201	134601
14212	59601
14214	108801
14216	145301
14218	94701
14301	43201
14303	40801
14304	84501
14305	61201
14411	80601
14414	137501
14416	122601
14420	127101
14422	105501
14423	123501
14428	147801
14435	152001
14437	85401
14445	97401
14450	184501
14454	163801
14464	118601
14467	135001
14468	136501
14470	99101
14472	221801
14476	118801
14477	130601
14481	109301
14482	103501
14485	137601
14487	143601
14506	239301
14510	74901
14514	156401
14517	80801
14521	88801
14525	108601
14526	173201
14533	111401
14534	244001
14541	158901
14543	171001
14546	126701
14559	144001
14560	99801
14572	84601
14580	176001
14586	160801
14605	45301
14606	94701
14607	179501
14608	56201
14609	86201
14610	154601
14611	50401
14612	131001
14613	57501
14615	78601
14616	92401
14617	120301
14618	184401
14619	67001
14620	128101
14621	49201
14622	104401
14623	118701
14624	124101
14625	171801
14626	129101
14701	63401
14706	108401
14710	125501
14712	187901
14715	44401
14716	72501
14718	88101
14719	70101
14724	124401
14727	67901
14733	68301
14735	55501
14737	62701
14738	90801
14739	42701
14741	124301
14747	77301
14750	114301
14755	71001
14757	147101
14760	59701
14770	72201
14775	83501
14781	94701
14782	83001
14787	92701
14801	74301
14806	47701
14807	81901
14809	73401
14812	79101
14813	54501
14814	155201
14817	146601
14826	73901
14830	99301
14840	185401
14843	63601
14845	122501
14850	229501
14865	106401
14867	138501
14870	111801
14871	110101
14873	80201
14879	66801
14880	47501
14882	179101
14883	103901
14886	177201
14891	106301
14892	87001
14895	51601
14901	53401
14903	80501
14904	58501
14905	107001
6001	357601
6002	189801
6010	169801
6013	293101
6016	216001
6018	179301
6019	197001
6021	236701
6026	243301
6027	237801
6029	234501
6031	272601
6032	278601
6033	309101
6035	234601
6037	261101
6039	443201
6040	167401
6042	157401
6043	253401
6051	113601
6052	168601
6053	130701
6057	256401
6058	327001
6060	339301
6062	189601
6063	219101
6066	175001
6067	227301
6068	436101
6069	350801
6070	292201
6071	269601
6073	384901
6074	239701
6076	175001
6078	276501
6081	189601
6082	168001
6084	246701
6085	255101
6088	158901
6089	264301
6092	345501
6093	284001
6095	183901
6096	172701
6098	142601
6105	110701
6106	85201
6107	350901
6108	134201
6109	237701
6110	193901
6111	201801
6112	90401
6114	89201
6117	328601
6118	149901
6119	250701
6120	88801
6226	124001
6231	249101
6232	227601
6234	193001
6235	166901
6237	227801
6238	213101
6239	156401
6241	174301
6242	217701
6247	191601
6248	261701
6249	218501
6250	205301
6254	208701
6255	161501
6256	155201
6259	254901
6260	154201
6268	231801
6277	183901
6278	194801
6279	208301
6280	178201
6281	231401
6282	196701
6320	144801
6330	186201
6331	206101
6333	294701
6334	210801
6335	208901
6339	200701
6340	191301
6351	182901
6354	152601
6355	268901
6357	254101
6359	225401
6360	134601
6365	204101
6370	186801
6371	358301
6374	144301
6375	197001
6377	170801
6378	375201
6379	236501
6382	163801
6384	207101
6385	224601
6401	171501
6403	223201
6405	270601
6410	287101
6412	283401
6413	239201
6415	230401
6416	196701
6417	232701
6418	158901
6419	347301
6420	234001
6422	285001
6423	245301
6424	232301
6426	418801
6437	342801
6438	274101
6442	299601
6443	410101
6447	262101
6450	150101
6451	151101
6455	229001
6457	189201
6460	264801
6461	281101
6468	355601
6469	197601
6470	369101
6471	240601
6472	263701
6473	263001
6475	359201
6477	339401
6478	321301
6479	225701
6480	222401
6481	218501
6482	344101
6483	209201
6484	300901
6488	258601
6489	250701
6492	233301
6498	326701
6511	182001
6512	177701
6513	134001
6514	161501
6515	183401
6516	167201
6517	216101
6518	235401
6519	104301
6524	306701
6525	399101
6604	164701
6605	208301
6606	159501
6607	146801
6608	137501
6610	139401
6611	356801
6612	600601
6614	241601
6615	197601
6704	94301
6705	91101
6706	92601
6708	115701
6710	118201
6712	263001
6716	194201
6750	228901
6751	287101
6752	442401
6754	331301
6756	314101
6757	307101
6759	299101
6762	283801
6763	287101
6770	161801
6776	249601
6777	404901
6778	209001
6779	163401
6782	163601
6783	589701
6784	436101
6786	152101
6787	158801
6790	132601
6791	240501
6793	598401
6794	478701
6795	231801
6796	417501
6798	271801
6801	303501
6804	335201
6807	1129201
6810	222601
6811	273301
6812	324801
6820	1406001
6824	606201
6825	429001
6830	1570101
6831	1309101
6840	1370401
6850	373201
6851	386101
6853	977801
6854	327001
6855	378701
6870	1437801
6877	613701
6878	1472001
6880	1106401
6883	818601
6890	881501
6896	540901
6897	771601
6901	226701
6902	369301
6903	708801
6905	493701
6906	403101
6907	436101
7001	247501
7002	286601
7003	294801
7004	458501
7005	393601
7006	502201
7008	225701
7009	461001
7010	411001
7011	261001
7012	303501
7013	318201
7014	294501
7016	434901
7017	180401
7018	167201
7020	465101
7021	859701
7022	328201
7023	426701
7024	512201
7026	284901
7027	357501
7028	579701
7029	307901
7030	623701
7031	322201
7032	292501
7033	306601
7034	273001
7035	311601
7036	228301
7039	567001
7040	497601
7041	741801
7042	487201
7043	688601
7044	445501
7045	541401
7046	649101
7047	298901
7050	175601
7052	351601
7054	417201
7055	290901
7057	308001
7058	548501
7059	668101
7060	224001
7062	191001
7063	193001
7064	260601
7065	220601
7066	398101
7067	315901
7068	554301
7069	624701
7070	416801
7071	326401
7072	321501
7073	313601
7075	363101
7076	443001
7077	253901
7078	1456301
7079	547901
7080	310801
7081	386701
7082	520101
7083	275201
7086	646601
7087	307201
7090	677601
7092	559701
7093	324201
7094	395901
7095	238801
7102	273401
7103	167201
7105	272601
7106	158701
7107	201101
7108	201101
7109	254901
7110	362701
7111	155901
7112	206801
7114	252701
7201	214801
7202	236301
7203	163701
7204	235901
7205	194501
7206	196601
7208	251901
7302	581201
7304	240201
7305	249301
7306	307901
7307	342101
7310	601501
7401	627601
7403	263601
7405	412901
7407	306901
7410	360301
7416	163501
7417	956401
7418	215701
7419	203701
7420	235801
7421	227201
7422	185901
7423	730001
7424	330601
7430	433701
7432	418901
7435	315101
7436	428001
7438	284001
7439	205601
7440	365501
7442	265401
7444	404501
7446	507501
7450	656101
7452	588001
7456	304601
7457	289201
7458	956301
7460	220901
7461	227301
7462	148301
7463	412001
7465	301601
7470	410801
7480	245001
7481	703601
7501	192001
7502	212001
7503	233401
7504	248501
7506	338001
7508	290001
7512	336901
7513	228701
7514	201001
7522	182201
7524	197201
7601	278801
7603	287701
7604	364801
7605	457401
7606	333401
7607	335701
7621	307201
7624	589401
7626	547001
7627	693401
7628	338701
7630	441501
7631	339201
7632	1144901
7640	584701
7641	689201
7642	498601
7643	310901
7644	319701
7645	535601
7646	357401
7647	432101
7648	518301
7649	541101
7650	557301
7652	545001
7656	471101
7657	432201
7660	308901
7661	445801
7662	324901
7663	343701
7666	359601
7670	740201
7675	504401
7676	470801
7677	693001
7701	359201
7702	509901
7704	656501
7711	772201
7712	340001
7716	381101
7717	799901
7718	301501
7719	393601
7720	502301
7721	276801
7722	686601
7723	1313101
7724	336101
7726	404101
7727	410801
7728	329701
7730	303601
7731	304701
7732	251601
7733	628901
7734	186901
7735	226301
7737	302101
7738	498201
7739	610801
7740	324901
7746	484701
7747	335701
7748	382601
7750	546001
7751	520701
7753	263001
7755	353501
7756	399701
7757	447701
7758	271501
7760	791301
7762	587901
7764	402001
7801	265701
7803	250201
7821	268501
7823	206001
7825	284901
7826	243401
7827	189001
7828	264301
7830	430701
7832	243101
7834	376401
7836	350301
7838	261301
7840	254701
7843	195401
7847	245701
7848	281101
7849	264201
7850	249301
7852	270501
7853	441801
7856	293201
7857	249901
7860	221501
7863	208501
7865	251801
7866	304601
7869	469501
7871	323101
7874	222501
7876	349101
7882	207001
7885	252801
7901	773801
7920	584801
7921	319301
7922	528701
7924	617201
7927	426401
7928	741701
7930	599601
7931	973401
7932	642001
7933	469501
7934	607501
7936	511601
7940	609401
7945	684601
7946	517101
7950	429701
7960	514901
7974	554101
7980	423901
7981	441401
8002	203501
8003	269401
8004	165701
8005	222901
8006	718901
8007	163801
8008	721801
8009	195601
8010	168301
8012	176001
8015	149001
8016	196101
8020	221301
8021	119601
8022	274701
8026	178801
8027	159101
8028	167901
8029	151801
8030	100001
8031	140501
8033	375601
8034	209601
8035	242601
8036	269001
8037	174201
8043	260301
8045	118401
8046	140301
8048	272201
8049	144101
8050	241701
8051	154901
8052	165601
8053	249901
8054	221401
8055	309401
8056	317801
8057	410401
8059	138101
8060	190401
8061	226901
8062	315001
8063	135801
8065	145701
8066	108801
8067	164901
8068	154701
8069	108801
8070	128201
8071	161001
8075	190201
8077	242801
8078	136701
8079	114001
8080	225101
8081	172201
8083	148401
8084	156101
8085	247301
8086	189001
8087	181701
8088	240301
8089	164001
8090	172801
8091	154101
8092	247201
8093	136001
8094	179601
8096	162401
8097	175801
8098	205601
8102	62501
8103	66001
8104	58101
8105	73301
8106	183801
8107	151801
8108	231301
8109	149301
8110	113401
8201	163001
8202	1012301
8203	299801
8204	275901
8205	156301
8210	222701
8215	158201
8221	244601
8223	261001
8225	179801
8226	490701
8230	278401
8232	100201
8234	191201
8241	179801
8242	186401
8243	618401
8244	184801
8247	1146401
8251	140601
8260	265901
8270	227401
8302	118201
8310	163301
8311	137501
8312	149601
8317	177901
8318	181101
8319	173801
8322	182201
8326	146801
8328	154101
8330	150201
8332	117901
8341	141701
8343	208301
8344	157801
8345	137401
8349	103601
8360	137001
8361	178001
8401	132901
8402	435201
8403	700501
8406	241201
8501	362001
8502	584001
8505	232801
8510	518001
8512	425401
8514	359601
8515	408701
8518	182901
8520	227801
8525	384001
8527	311301
8530	351501
8533	297801
8534	408601
8535	523101
8536	365801
8540	564501
8542	436601
8550	617601
8551	420701
8554	145301
8558	686801
8559	382901
8560	378001
8562	300301
8609	86101
8610	157401
8611	78401
8618	118901
8619	219301
8620	238501
8628	216101
8629	97501
8638	128401
8648	246801
8690	254101
8691	351401
8701	260001
8721	236901
8722	219701
8723	243601
8724	241201
8730	632501
8731	229501
8732	316101
8733	153901
8734	276401
8735	478701
8736	542301
8738	982201
8740	190101
8741	251901
8742	369101
8750	658101
8751	258001
8752	432301
8753	243601
8755	253001
8757	137701
8758	267901
8759	138201
8801	388601
8802	333301
8804	280401
8805	236101
8807	410501
8809	321501
8810	353601
8812	291601
8816	339001
8817	264801
8820	455101
8822	363101
8823	204401
8824	384101
8825	318301
8826	309501
8827	327001
8828	190301
8829	235701
8830	263301
8831	288601
8833	427201
8835	248001
8836	524201
8837	286901
8840	363401
8844	371201
8846	261101
8848	293201
8850	312201
8852	347001
8853	505601
8854	279001
8857	318201
8859	274201
8861	220701
8863	258501
8865	156201
8867	435301
8869	305701
8872	272501
8873	287701
8876	323601
8879	250101
8880	224001
8882	238701
8884	275801
8886	270801
8887	169001
8889	409901
8901	253701
8902	266701
8904	324401
