10001	13
10002	29
10003	79
10004	11
10005	8
10007	35
10009	10
10013	47
10025	68
10027	10
10029	8
10030	16
10031	9
10036	21
10280	5
10301	13
10302	9
10303	9
10304	15
10305	21
10306	36
10307	8
10308	15
10309	9
10310	16
10312	39
10314	48
10456	2
10459	1
10462	20
10463	3
10464	3
10465	11
10466	9
10467	3
10469	6
10471	10
10473	25
10502	2
10504	7
10506	10
10507	4
10509	13
10510	9
10512	47
10514	11
10516	4
10518	4
10520	11
10522	4
10523	5
10524	6
10526	3
10528	6
10530	4
10532	3
10533	5
10536	7
10537	2
10538	21
10541	16
10543	15
10546	4
10547	2
10548	1
10549	7
10550	6
10552	5
10553	4
10560	8
10562	17
10566	11
10567	11
10570	3
10573	12
10576	7
10577	3
10579	10
10580	22
10583	31
10588	1
10589	12
10590	8
10591	8
10594	3
10595	2
10598	15
10601	4
10603	9
10604	5
10605	13
10606	4
10607	6
10701	12
10703	5
10704	9
10705	9
10706	7
10707	4
10708	17
10709	3
10710	6
10801	8
10803	11
10804	10
10805	4
10901	18
10913	2
10916	3
10917	2
10918	10
10920	9
10921	5
10923	6
10924	12
10925	8
10926	4
10928	2
10930	6
10940	52
10941	6
10950	52
10954	16
10956	25
10958	6
10960	15
10962	6
10963	1
10964	1
10965	10
10968	4
10970	12
10973	1
10974	4
10980	9
10983	3
10984	3
10986	1
10987	5
10989	7
10990	23
10992	5
10993	4
10994	5
10998	3
11001	18
11003	15
11004	12
11010	15
11020	7
11021	9
11023	7
11024	9
11030	15
11040	34
11050	19
11096	2
11101	21
11103	4
11105	5
11106	9
11201	90
11203	5
11204	16
11205	22
11207	18
11208	5
11209	24
11210	13
11211	28
11212	4
11214	20
11215	53
11216	16
11217	14
11218	25
11220	13
11221	5
11222	10
11224	16
11225	3
11226	15
11228	11
11229	31
11230	16
11231	6
11232	5
11234	31
11235	27
11236	6
11238	36
11249	28
11354	215
11355	45
11356	16
11357	31
11358	17
11360	22
11361	13
11362	22
11363	4
11364	25
11365	15
11366	12
11367	32
11368	7
11369	8
11370	7
11372	36
11373	40
11374	27
11375	110
11377	26
11378	8
11379	13
11385	11
11411	12
11412	17
11413	16
11414	19
11415	122
11416	4
11417	6
11418	4
11419	6
11420	7
11421	9
11422	9
11423	8
11426	11
11427	13
11428	7
11429	8
11432	18
11433	9
11434	16
11435	14
11436	11
11501	12
11507	7
11509	6
11510	31
11514	4
11516	5
11518	7
11520	28
11530	21
11542	16
11545	8
11550	18
11552	22
11553	9
11554	39
11557	6
11558	4
11559	7
11560	10
11561	22
11563	17
11565	6
11566	31
11568	2
11569	5
11570	18
11572	34
11575	11
11576	11
11577	15
11579	2
11580	31
11581	21
11590	39
11596	15
11598	10
11691	9
11692	5
11693	5
11694	13
11701	12
11702	9
11703	13
11704	20
11705	2
11706	38
11709	8
11710	36
11713	9
11714	16
11716	4
11717	26
11718	3
11719	6
11720	17
11721	5
11722	14
11724	4
11725	13
11726	12
11727	29
11729	24
11730	13
11731	28
11732	7
11733	14
11735	21
11738	9
11739	1
11740	7
11741	13
11742	4
11743	39
11746	41
11747	19
11749	1
11751	10
11752	4
11753	10
11754	15
11755	6
11756	23
11757	26
11758	45
11762	21
11763	32
11764	9
11766	8
11767	12
11768	16
11769	7
11771	7
11772	23
11776	19
11777	12
11778	16
11779	29
11780	16
11782	8
11783	13
11784	15
11786	5
11787	36
11788	7
11789	8
11790	17
11791	28
11792	14
11793	30
11795	25
11796	2
11797	7
11798	4
11801	23
11803	25
11804	4
11901	26
11932	3
11933	9
11934	5
11935	7
11937	40
11939	1
11940	1
11941	7
11942	7
11944	2
11946	21
11948	4
11949	12
11950	17
11951	9
11952	7
11953	17
11954	7
11955	2
11957	4
11958	1
11959	2
11960	1
11961	24
11967	20
11971	7
11976	8
11977	7
11980	7
12009	15
12018	7
12019	29
12020	36
12023	3
12025	8
12027	4
12032	3
12033	7
12043	9
12047	7
12053	8
12054	32
12057	4
12059	2
12061	7
12062	1
12065	60
12066	2
12074	3
12076	3
12077	10
12078	23
12084	3
12090	9
12093	4
12094	3
12095	14
12110	26
12116	3
12117	2
12118	36
12121	6
12122	4
12123	6
12134	2
12137	4
12138	4
12140	4
12143	3
12144	31
12148	8
12149	6
12154	5
12157	6
12158	5
12159	10
12168	4
12170	3
12180	34
12182	11
12185	2
12186	11
12188	13
12189	21
12196	3
12197	3
12198	11
12202	3
12203	37
12204	5
12205	30
12206	6
12208	32
12209	7
12210	6
12211	10
12302	39
12303	39
12304	24
12306	39
12308	8
12309	44
12401	52
12404	10
12409	1
12428	7
12429	3
12440	2
12443	4
12446	8
12449	6
12458	2
12461	6
12466	4
12472	1
12477	14
12481	3
12484	4
12486	1
12487	5
12491	4
12498	8
12518	5
12520	3
12525	2
12528	13
12542	4
12543	3
12547	3
12549	11
12550	45
12553	29
12561	14
12563	4
12566	17
12575	4
12577	1
12586	11
12589	8
12729	2
12740	4
12771	8
12780	2
12801	20
12803	13
12804	30
12809	3
12814	5
12815	1
12816	5
12817	3
12822	6
12824	3
12828	10
12831	21
12832	7
12833	6
12834	5
12835	3
12836	1
12839	11
12845	8
12846	3
12850	2
12859	4
12865	5
12866	42
12870	2
12871	6
12883	11
12885	7
12887	7
12901	27
12903	6
12910	1
12912	1
12918	3
12919	6
12920	2
12921	1
12928	1
12932	2
12935	1
12937	3
12941	5
12942	4
12944	3
12946	10
12953	15
12958	2
12962	7
12972	13
12979	3
12981	3
12983	8
12986	7
12992	3
12993	1
12996	2
13021	46
13027	87
13029	10
13030	7
13031	29
13032	18
13033	7
13034	4
13035	14
13036	9
13037	7
13039	27
13040	1
13042	9
13044	4
13045	23
13053	5
13057	19
13060	3
13063	2
13066	34
13068	5
13069	30
13073	8
13074	5
13076	6
13077	7
13078	18
13080	4
13082	7
13083	3
13084	8
13088	28
13092	4
13101	1
13104	26
13108	13
13110	1
13112	3
13114	7
13116	10
13118	5
13120	8
13126	48
13131	3
13132	4
13135	7
13140	4
13142	4
13143	3
13145	4
13148	12
13152	16
13156	6
13159	4
13160	1
13164	8
13165	7
13166	5
13203	12
13204	21
13205	20
13206	26
13207	23
13208	35
13209	19
13210	27
13211	13
13212	54
13214	19
13215	25
13219	33
13224	9
13304	2
13308	5
13309	15
13316	5
13320	2
13323	15
13326	3
13332	4
13338	2
13346	7
13354	2
13363	2
13403	6
13408	2
13409	2
13411	2
13413	14
13417	2
13421	15
13424	2
13425	6
13438	2
13439	5
13440	42
13456	7
13460	4
13461	15
13471	1
13476	6
13478	8
13480	6
13490	1
13491	4
13492	19
13493	4
13495	7
13501	29
13502	44
13601	49
13605	9
13607	1
13612	6
13617	16
13618	3
13619	15
13622	4
13624	11
13634	2
13637	1
13642	13
13646	1
13650	3
13656	6
13658	1
13662	17
13667	4
13668	4
13669	12
13676	14
13679	2
13685	5
13691	4
13730	4
13732	15
13733	5
13734	2
13746	4
13748	4
13760	61
13778	7
13787	1
13790	18
13795	3
13803	6
13811	5
13812	4
13815	13
13820	12
13825	2
13827	13
13830	6
13833	2
13850	31
13862	2
13865	3
13901	22
13903	22
13904	5
13905	32
14001	13
14004	12
14005	2
14006	22
14012	2
14020	31
14025	7
14028	3
14030	2
14036	9
14040	3
14042	2
14048	23
14058	3
14062	4
14065	3
14067	8
14070	7
14080	7
14081	5
14092	22
14094	88
14098	7
14101	1
14103	15
14105	7
14108	8
14120	76
14125	7
14131	10
14132	10
14136	10
14138	5
14141	5
14143	1
14171	1
14172	4
14174	16
14201	7
14212	10
14214	22
14216	35
14218	18
14301	13
14303	5
14304	48
14305	22
14411	14
14414	12
14416	4
14420	33
14422	2
14423	6
14428	14
14435	7
14437	10
14445	15
14450	78
14454	10
14464	10
14467	14
14468	46
14470	4
14472	22
14476	5
14477	2
14481	5
14482	12
14485	6
14487	11
14506	4
14510	8
14514	19
14517	5
14521	5
14525	3
14526	48
14533	2
14534	97
14541	5
14543	9
14546	8
14559	47
14560	2
14572	4
14580	93
14586	34
14605	9
14606	32
14607	12
14608	13
14609	106
14610	47
14611	23
14612	72
14613	13
14615	36
14616	62
14617	52
14618	50
14619	18
14620	54
14621	31
14622	28
14623	29
14624	91
14625	14
14626	60
14701	47
14706	6
14710	8
14712	5
14715	4
14716	1
14718	3
14719	2
14724	5
14727	12
14733	3
14735	5
14737	5
14738	3
14739	4
14741	2
14747	1
14750	12
14755	4
14757	4
14760	26
14770	3
14775	2
14781	3
14782	2
14787	9
14801	5
14806	4
14807	4
14809	5
14812	6
14813	6
14814	1
14817	3
14826	2
14830	35
14840	4
14843	11
14845	28
14850	93
14865	3
14867	11
14870	13
14871	6
14873	2
14879	1
14880	2
14882	7
14883	3
14886	10
14891	6
14892	6
14895	14
14901	17
14903	12
14904	26
14905	27
6001	38
6002	26
6010	83
6013	16
6016	11
6018	4
6019	17
6021	3
6026	10
6027	1
6029	34
6031	4
6032	38
6033	59
6035	12
6037	25
6039	3
6040	53
6042	42
6043	6
6051	17
6052	8
6053	45
6057	8
6058	1
6060	4
6062	20
6063	5
6066	50
6067	35
6068	4
6069	10
6070	36
6071	16
6073	7
6074	59
6076	17
6078	17
6081	3
6082	43
6084	11
6085	11
6088	12
6089	4
6092	9
6093	3
6095	52
6096	15
6098	8
6105	6
6106	11
6107	58
6108	23
6109	49
6110	27
6111	54
6112	10
6114	17
6117	36
6118	33
6119	30
6120	4
6226	15
6231	4
6232	2
6234	13
6235	4
6237	11
6238	15
6239	15
6241	9
6242	1
6247	4
6248	7
6249	6
6250	6
6254	5
6255	8
6256	3
6259	7
6260	8
6268	12
6277	3
6278	7
6279	7
6280	3
6281	13
6282	2
6320	30
6330	4
6331	7
6333	6
6334	2
6335	9
6339	9
6340	28
6351	21
6354	11
6355	23
6357	24
6359	7
6360	41
6365	9
6370	10
6371	16
6374	11
6375	5
6377	4
6378	18
6379	13
6382	6
6384	3
6385	30
6401	10
6403	11
6405	42
6410	38
6412	2
6413	15
6415	23
6416	33
6417	6
6418	11
6419	8
6420	4
6422	14
6423	12
6424	18
6426	11
6437	37
6438	3
6442	2
6443	38
6447	9
6450	60
6451	20
6455	1
6457	54
6460	58
6461	23
6468	30
6469	8
6470	21
6471	11
6472	5
6473	28
6475	22
6477	22
6478	17
6479	17
6480	17
6481	1
6482	23
6483	25
6484	42
6488	51
6489	40
6492	57
6498	7
6511	26
6512	48
6513	39
6514	33
6515	28
6516	63
6517	33
6518	26
6519	2
6524	11
6525	15
6604	11
6605	10
6606	47
6607	5
6608	3
6610	16
6611	67
6612	11
6614	41
6615	12
6704	20
6705	20
6706	18
6708	37
6710	7
6712	19
6716	18
6750	2
6751	4
6752	3
6754	3
6756	4
6757	4
6759	7
6762	14
6763	4
6770	43
6776	44
6777	3
6778	2
6779	12
6782	4
6783	4
6784	7
6786	16
6787	12
6790	44
6791	4
6793	1
6794	8
6795	12
6796	1
6798	10
6801	27
6804	21
6807	6
6810	36
6811	49
6812	19
6820	47
6824	77
6825	32
6830	33
6831	17
6840	34
6850	21
6851	38
6853	7
6854	15
6855	9
6870	16
6877	46
6878	16
6880	51
6883	17
6890	11
6896	17
6897	39
6901	9
6902	51
6903	27
6905	29
6906	19
6907	13
7001	6
7002	41
7003	36
7004	5
7005	20
7006	22
7008	18
7009	16
7010	29
7011	33
7012	15
7013	20
7014	10
7016	24
7017	31
7018	9
7020	19
7021	5
7022	4
7023	15
7024	31
7026	16
7027	5
7028	10
7029	7
7030	107
7031	15
7032	16
7033	4
7034	6
7035	11
7036	33
7039	28
7040	36
7041	14
7042	28
7043	22
7044	19
7045	13
7046	12
7047	34
7050	2
7052	44
7054	25
7055	24
7057	5
7058	4
7059	21
7060	33
7062	13
7063	16
7064	3
7065	30
7066	15
7067	17
7068	10
7069	9
7070	14
7071	19
7072	6
7073	12
7075	9
7076	32
7077	2
7078	20
7079	19
7080	19
7081	17
7082	8
7083	53
7086	11
7087	31
7090	49
7092	9
7093	40
7094	11
7095	26
7102	4
7103	25
7105	17
7106	17
7107	32
7108	27
7109	28
7110	32
7111	34
7112	20
7114	11
7201	14
7202	23
7203	14
7204	8
7205	17
7206	29
7208	18
7302	89
7304	17
7305	42
7306	45
7307	30
7310	6
7401	7
7403	6
7405	23
7407	17
7410	30
7416	8
7417	10
7418	4
7419	17
7420	3
7421	7
7422	6
7423	4
7424	28
7430	34
7432	7
7435	3
7436	11
7438	14
7439	5
7440	6
7442	13
7444	12
7446	20
7450	41
7452	23
7456	14
7457	10
7458	10
7460	3
7461	25
7462	12
7463	11
7465	10
7470	50
7480	20
7481	18
7501	19
7502	11
7503	7
7504	11
7506	23
7508	23
7512	11
7513	4
7514	11
7522	9
7524	15
7601	35
7603	7
7604	8
7605	9
7606	5
7607	9
7621	15
7624	11
7626	11
7627	12
7628	18
7630	9
7631	22
7632	6
7640	3
7641	4
7642	10
7643	11
7644	10
7645	7
7646	14
7647	7
7648	3
7649	15
7650	18
7652	24
7656	11
7657	6
7660	8
7661	17
7662	9
7663	10
7666	29
7670	33
7675	29
7676	11
7677	8
7701	36
7702	6
7704	8
7711	4
7712	43
7716	10
7717	4
7718	7
7719	31
7720	6
7721	5
7722	10
7723	1
7724	24
7726	64
7727	12
7728	66
7730	18
7731	36
7732	8
7733	17
7734	9
7735	17
7737	5
7738	4
7739	20
7740	32
7746	30
7747	42
7748	32
7750	7
7751	23
7753	45
7755	2
7756	3
7757	7
7758	10
7760	20
7762	14
7764	9
7801	21
7803	6
7821	8
7823	12
7825	8
7826	6
7827	4
7828	13
7830	15
7832	3
7834	25
7836	15
7838	6
7840	56
7843	16
7847	2
7848	4
7849	14
7850	4
7852	9
7853	21
7856	8
7857	2
7860	21
7863	6
7865	4
7866	27
7869	29
7871	21
7874	15
7876	12
7882	14
7885	15
7901	50
7920	57
7921	19
7922	19
7924	6
7927	4
7928	31
7930	11
7931	7
7932	17
7933	4
7934	2
7936	9
7940	17
7945	18
7946	4
7950	24
7960	51
7974	19
7980	2
7981	28
8002	25
8003	43
8004	11
8005	49
8006	3
8007	3
8008	46
8009	17
8010	12
8012	35
8015	28
8016	40
8020	5
8021	39
8022	18
8026	4
8027	8
8028	21
8029	6
8030	21
8031	9
8033	20
8034	25
8035	14
8036	15
8037	24
8043	24
8045	3
8046	32
8048	14
8049	11
8050	48
8051	8
8052	14
8053	50
8054	85
8055	24
8056	15
8057	21
8059	5
8060	21
8061	17
8062	16
8063	4
8065	8
8066	11
8067	4
8068	7
8069	8
8070	16
8071	10
8075	26
8077	22
8078	9
8079	11
8080	51
8081	71
8083	8
8084	13
8085	30
8086	16
8087	40
8088	25
8089	4
8090	5
8091	6
8092	2
8093	16
8094	40
8096	43
8097	5
8098	8
8102	3
8103	6
8104	13
8105	12
8106	14
8107	15
8108	29
8109	20
8110	18
8201	9
8202	19
8203	19
8204	33
8205	42
8210	18
8215	9
8221	14
8223	6
8225	16
8226	76
8230	9
8232	19
8234	79
8241	2
8242	3
8243	29
8244	12
8247	8
8251	32
8260	69
8270	8
8302	41
8310	2
8311	5
8312	8
8317	1
8318	9
8319	3
8322	9
8326	2
8328	1
8330	40
8332	43
8341	3
8343	7
8344	10
8345	1
8349	3
8360	35
8361	22
8401	26
8402	28
8403	10
8406	26
8501	6
8502	14
8505	22
8510	7
8512	19
8514	7
8515	14
8518	17
8520	20
8525	6
8527	73
8530	8
8533	6
8534	20
8535	11
8536	33
8540	76
8542	4
8550	28
8551	3
8554	7
8558	17
8559	4
8560	7
8562	1
8609	16
8610	32
8611	38
8618	45
8619	32
8620	13
8628	16
8629	12
8638	32
8648	39
8690	29
8691	31
8701	135
8721	28
8722	15
8723	52
8724	72
8730	3
8731	33
8732	2
8733	3
8734	7
8735	20
8736	21
8738	8
8740	4
8741	3
8742	48
8750	4
8751	23
8752	13
8753	87
8755	27
8757	80
8758	21
8759	49
8801	21
8802	1
8804	2
8805	9
8807	55
8809	6
8810	11
8812	20
8816	64
8817	35
8820	51
8822	44
8823	20
8824	15
8825	6
8826	10
8827	4
8828	4
8829	4
8830	22
8831	87
8833	15
8835	8
8836	6
8837	33
8840	22
8844	50
8846	13
8848	9
8850	10
8852	31
8853	3
8854	46
8857	28
8859	21
8861	27
8863	13
8865	111
8867	6
8869	9
8872	15
8873	55
8876	26
8879	20
8880	4
8882	11
8884	12
8886	18
8887	3
8889	9
8901	15
8902	32
8904	9
