10001	15
10002	25
10003	78
10004	8
10005	17
10007	12
10009	11
10013	44
10025	76
10027	20
10029	15
10030	11
10031	9
10036	26
10280	5
10301	19
10302	16
10303	13
10304	17
10305	32
10306	43
10307	14
10308	29
10309	29
10310	18
10312	61
10314	65
10456	1
10459	2
10462	19
10463	9
10464	3
10465	12
10466	12
10467	6
10469	8
10471	3
10473	19
10502	5
10504	11
10506	8
10507	3
10509	11
10510	6
10512	28
10514	14
10516	9
10518	2
10520	3
10522	8
10523	3
10524	3
10526	2
10528	5
10530	12
10532	6
10533	7
10536	13
10537	3
10538	22
10541	21
10543	9
10546	5
10547	4
10548	3
10549	11
10550	6
10552	7
10553	3
10560	1
10562	12
10566	14
10567	7
10570	10
10573	22
10576	14
10577	5
10579	5
10580	36
10583	49
10588	3
10589	9
10590	6
10591	8
10594	4
10595	5
10598	31
10601	4
10603	6
10604	6
10605	17
10606	10
10607	8
10701	10
10703	6
10704	6
10705	6
10706	7
10707	7
10708	27
10709	7
10710	11
10801	11
10803	7
10804	12
10805	4
10901	22
10913	5
10916	2
10917	1
10918	10
10920	8
10921	5
10923	6
10924	9
10925	8
10926	2
10928	2
10930	6
10940	46
10941	11
10950	56
10954	26
10956	24
10958	1
10960	13
10962	1
10963	6
10964	2
10965	13
10968	4
10970	19
10973	1
10974	3
10980	13
10983	5
10984	3
10986	2
10987	4
10989	11
10990	20
10992	10
10993	7
10994	5
10998	3
11001	16
11003	33
11004	16
11010	14
11020	8
11021	8
11023	7
11024	5
11030	28
11040	51
11050	33
11096	5
11101	30
11103	4
11105	8
11106	25
11201	96
11203	13
11204	19
11205	31
11207	32
11208	8
11209	65
11210	12
11211	67
11212	3
11214	24
11215	83
11216	19
11217	37
11218	49
11220	24
11221	8
11222	21
11224	17
11225	15
11226	23
11228	15
11229	46
11230	29
11231	18
11232	16
11234	54
11235	47
11236	6
11238	48
11249	49
11354	51
11355	57
11356	13
11357	44
11358	23
11360	37
11361	22
11362	32
11363	4
11364	42
11365	17
11366	10
11367	44
11368	12
11369	12
11370	3
11372	51
11373	32
11374	40
11375	110
11377	37
11378	11
11379	17
11385	14
11411	10
11412	23
11413	22
11414	24
11415	19
11416	2
11417	6
11418	14
11419	9
11420	27
11421	22
11422	8
11423	15
11426	27
11427	18
11428	13
11429	13
11432	14
11433	21
11434	33
11435	28
11436	26
11501	16
11507	9
11509	7
11510	31
11514	7
11516	5
11518	7
11520	25
11530	26
11542	24
11545	11
11550	24
11552	23
11553	20
11554	59
11557	7
11558	12
11559	5
11560	11
11561	21
11563	15
11565	15
11566	38
11568	4
11569	3
11570	35
11572	34
11575	11
11576	18
11577	18
11579	3
11580	26
11581	20
11590	53
11596	13
11598	7
11691	8
11692	3
11693	4
11694	14
11701	17
11702	16
11703	18
11704	32
11705	13
11706	40
11709	6
11710	39
11713	11
11714	14
11716	12
11717	24
11718	6
11719	3
11720	22
11721	5
11722	25
11724	2
11725	37
11726	9
11727	35
11729	25
11730	12
11731	27
11732	4
11733	25
11735	20
11738	14
11739	2
11740	9
11741	15
11742	11
11743	43
11746	62
11747	23
11749	6
11751	14
11752	16
11753	15
11754	16
11755	14
11756	40
11757	27
11758	48
11762	24
11763	31
11764	15
11766	18
11767	17
11768	18
11769	8
11771	10
11772	41
11776	25
11777	12
11778	18
11779	32
11780	19
11782	14
11783	18
11784	30
11786	7
11787	44
11788	13
11789	6
11790	12
11791	42
11792	20
11793	33
11795	25
11796	5
11797	7
11798	11
11801	47
11803	35
11804	6
11901	24
11932	2
11933	7
11934	13
11935	5
11937	43
11939	3
11940	5
11941	3
11942	9
11944	5
11946	15
11948	1
11949	15
11950	19
11951	13
11952	8
11953	15
11954	6
11955	3
11957	2
11958	2
11959	3
11960	4
11961	29
11967	33
11971	11
11976	7
11977	7
11980	5
12009	5
12018	6
12019	25
12020	32
12023	3
12025	5
12027	4
12032	2
12033	5
12043	6
12047	9
12053	1
12054	20
12057	1
12059	2
12061	8
12062	3
12065	56
12066	2
12074	2
12076	2
12077	4
12078	21
12084	2
12090	7
12093	2
12094	4
12095	8
12110	13
12116	3
12117	3
12118	21
12121	3
12122	5
12123	2
12134	3
12137	3
12138	1
12140	5
12143	4
12144	24
12148	8
12149	2
12154	2
12157	4
12158	3
12159	11
12168	3
12170	2
12180	30
12182	14
12185	2
12186	5
12188	6
12189	11
12196	4
12197	3
12198	4
12202	4
12203	14
12204	2
12205	26
12206	2
12208	18
12209	7
12210	3
12211	12
12302	23
12303	27
12304	20
12306	21
12308	13
12309	27
12401	18
12404	6
12409	2
12428	9
12429	1
12440	1
12443	9
12446	5
12449	3
12458	2
12461	2
12466	2
12472	1
12477	13
12481	4
12484	7
12486	2
12487	3
12491	2
12498	7
12518	5
12520	8
12525	3
12528	12
12542	6
12543	2
12547	2
12549	5
12550	34
12553	23
12561	16
12563	8
12566	8
12575	3
12577	2
12586	12
12589	13
12729	3
12740	2
12771	12
12780	2
12801	9
12803	8
12804	16
12809	1
12814	2
12815	2
12816	4
12817	4
12822	4
12824	1
12828	11
12831	16
12832	8
12833	5
12834	5
12835	5
12836	1
12839	16
12845	6
12846	2
12850	5
12859	2
12865	2
12866	45
12870	4
12871	5
12883	6
12885	6
12887	2
12901	21
12903	4
12910	1
12912	1
12918	3
12919	4
12920	3
12921	4
12928	3
12932	3
12935	1
12937	2
12941	4
12942	1
12944	4
12946	5
12953	10
12958	2
12962	3
12972	5
12979	1
12981	1
12983	3
12986	6
12992	4
12993	1
12996	1
13021	27
13027	28
13029	6
13030	3
13031	13
13032	8
13033	4
13034	2
13035	5
13036	3
13037	16
13039	15
13040	2
13042	4
13044	1
13045	20
13053	3
13057	16
13060	2
13063	2
13066	26
13068	2
13069	20
13073	5
13074	4
13076	4
13077	4
13078	12
13080	3
13082	1
13083	5
13084	4
13088	18
13092	1
13101	2
13104	23
13108	6
13110	5
13112	1
13114	4
13116	10
13118	4
13120	3
13126	23
13131	1
13132	4
13135	6
13140	2
13142	6
13143	1
13145	1
13148	11
13152	10
13156	4
13159	9
13160	2
13164	7
13165	7
13166	8
13203	14
13204	12
13205	17
13206	9
13207	11
13208	14
13209	11
13210	14
13211	3
13212	20
13214	11
13215	8
13219	15
13224	10
13304	1
13308	3
13309	3
13316	6
13320	2
13323	9
13326	8
13332	1
13338	1
13346	4
13354	1
13363	2
13403	5
13408	2
13409	2
13411	3
13413	14
13417	2
13421	8
13424	2
13425	4
13438	2
13439	3
13440	32
13456	7
13460	2
13461	1
13471	1
13476	3
13478	2
13480	1
13490	1
13491	2
13492	7
13493	2
13495	1
13501	15
13502	24
13601	48
13605	5
13607	2
13612	7
13617	3
13618	6
13619	17
13622	3
13624	3
13634	4
13637	1
13642	5
13646	4
13650	1
13656	1
13658	1
13662	16
13667	1
13668	1
13669	17
13676	7
13679	3
13685	3
13691	2
13730	2
13732	6
13733	5
13734	3
13746	2
13748	2
13760	24
13778	7
13787	2
13790	10
13795	3
13803	1
13811	2
13812	2
13815	5
13820	18
13825	2
13827	7
13830	3
13833	1
13850	22
13862	2
13865	7
13901	12
13903	11
13904	7
13905	16
14001	9
14004	9
14005	4
14006	7
14012	1
14020	8
14025	4
14028	1
14030	1
14036	5
14040	1
14042	1
14048	9
14058	1
14062	4
14065	3
14067	2
14070	5
14080	3
14081	3
14092	9
14094	53
14098	2
14101	3
14103	5
14105	1
14108	2
14120	20
14125	3
14131	2
14132	3
14136	4
14138	2
14141	9
14143	2
14171	2
14172	2
14174	8
14201	1
14212	6
14214	16
14216	9
14218	5
14301	10
14303	5
14304	20
14305	17
14411	6
14414	5
14416	1
14420	9
14422	2
14423	5
14428	3
14435	5
14437	8
14445	6
14450	32
14454	9
14464	3
14467	8
14468	13
14470	9
14472	6
14476	1
14477	1
14481	3
14482	4
14485	3
14487	9
14506	5
14510	3
14514	4
14517	2
14521	1
14525	1
14526	15
14533	1
14534	38
14541	2
14543	1
14546	5
14559	10
14560	4
14572	6
14580	51
14586	16
14605	8
14606	21
14607	6
14608	5
14609	27
14610	21
14611	13
14612	19
14613	17
14615	13
14616	20
14617	16
14618	17
14619	9
14620	13
14621	31
14622	8
14623	10
14624	16
14625	9
14626	29
14701	30
14706	2
14710	2
14712	7
14715	2
14716	1
14718	1
14719	1
14724	3
14727	3
14733	3
14735	2
14737	4
14738	4
14739	2
14741	3
14747	1
14750	5
14755	1
14757	4
14760	13
14770	1
14775	3
14781	2
14782	2
14787	11
14801	6
14806	1
14807	3
14809	1
14812	5
14813	1
14814	7
14817	5
14826	1
14830	14
14840	5
14843	9
14845	22
14850	48
14865	1
14867	4
14870	12
14871	2
14873	3
14879	4
14880	2
14882	5
14883	5
14886	6
14891	4
14892	3
14895	8
14901	16
14903	5
14904	12
14905	7
6001	24
6002	16
6010	65
6013	12
6016	5
6018	1
6019	9
6021	3
6026	7
6027	3
6029	16
6031	2
6032	17
6033	34
6035	6
6037	13
6039	7
6040	26
6042	24
6043	2
6051	8
6052	4
6053	20
6057	9
6058	1
6060	2
6062	17
6063	3
6066	17
6067	13
6068	3
6069	6
6070	20
6071	8
6073	6
6074	26
6076	9
6078	13
6081	2
6082	25
6084	11
6085	8
6088	6
6089	4
6092	4
6093	3
6095	13
6096	12
6098	1
6105	8
6106	17
6107	21
6108	13
6109	12
6110	7
6111	26
6112	9
6114	5
6117	27
6118	20
6119	13
6120	5
6226	7
6231	4
6232	5
6234	10
6235	2
6237	4
6238	13
6239	14
6241	6
6242	3
6247	1
6248	5
6249	5
6250	4
6254	1
6255	2
6256	1
6259	4
6260	8
6268	7
6277	2
6278	3
6279	1
6280	3
6281	10
6282	1
6320	10
6330	3
6331	5
6333	12
6334	2
6335	9
6339	8
6340	21
6351	14
6354	5
6355	12
6357	12
6359	7
6360	76
6365	2
6370	7
6371	12
6374	6
6375	1
6377	4
6378	13
6379	9
6382	10
6384	2
6385	11
6401	9
6403	2
6405	32
6410	27
6412	1
6413	8
6415	13
6416	11
6417	6
6418	10
6419	6
6420	3
6422	7
6423	3
6424	16
6426	4
6437	26
6438	5
6442	2
6443	24
6447	6
6450	25
6451	18
6455	3
6457	31
6460	41
6461	12
6468	14
6469	7
6470	15
6471	6
6472	3
6473	24
6475	18
6477	11
6478	13
6479	11
6480	6
6481	2
6482	13
6483	15
6484	37
6488	28
6489	32
6492	42
6498	10
6511	12
6512	30
6513	15
6514	19
6515	10
6516	39
6517	18
6518	17
6519	6
6524	5
6525	14
6604	15
6605	4
6606	36
6607	3
6608	5
6610	14
6611	29
6612	7
6614	27
6615	10
6704	16
6705	21
6706	11
6708	25
6710	10
6712	5
6716	15
6750	3
6751	3
6752	1
6754	3
6756	7
6757	4
6759	2
6762	6
6763	3
6770	25
6776	28
6777	3
6778	3
6779	8
6782	3
6783	2
6784	4
6786	3
6787	6
6790	23
6791	7
6793	4
6794	3
6795	11
6796	2
6798	10
6801	15
6804	19
6807	10
6810	27
6811	27
6812	10
6820	41
6824	49
6825	24
6830	30
6831	21
6840	53
6850	13
6851	31
6853	8
6854	18
6855	7
6870	14
6877	35
6878	15
6880	51
6883	10
6890	11
6896	10
6897	20
6901	21
6902	47
6903	21
6905	10
6906	6
6907	7
7001	10
7002	42
7003	49
7004	5
7005	15
7006	25
7008	13
7009	17
7010	27
7011	17
7012	8
7013	30
7014	6
7016	32
7017	25
7018	12
7020	27
7021	3
7022	7
7023	10
7024	37
7026	16
7027	4
7028	11
7029	13
7030	127
7031	17
7032	20
7033	7
7034	9
7035	9
7036	43
7039	52
7040	33
7041	12
7042	24
7043	34
7044	18
7045	20
7046	11
7047	42
7050	15
7052	73
7054	19
7055	22
7057	3
7058	7
7059	22
7060	38
7062	14
7063	12
7064	3
7065	28
7066	13
7067	15
7068	11
7069	17
7070	10
7071	11
7072	1
7073	4
7075	14
7076	32
7077	6
7078	29
7079	24
7080	24
7081	16
7082	5
7083	47
7086	9
7087	39
7090	52
7092	9
7093	56
7094	25
7095	15
7102	3
7103	30
7105	16
7106	20
7107	25
7108	25
7109	36
7110	28
7111	43
7112	25
7114	6
7201	15
7202	30
7203	24
7204	10
7205	18
7206	26
7208	13
7302	88
7304	31
7305	72
7306	45
7307	35
7310	12
7401	9
7403	6
7405	13
7407	17
7410	47
7416	6
7417	8
7418	4
7419	21
7420	4
7421	13
7422	8
7423	5
7424	30
7430	33
7432	8
7435	3
7436	14
7438	12
7439	1
7440	5
7442	15
7444	12
7446	26
7450	40
7452	25
7456	15
7457	9
7458	19
7460	4
7461	15
7462	10
7463	5
7465	7
7470	51
7480	17
7481	31
7501	21
7502	11
7503	13
7504	7
7506	14
7508	28
7512	10
7513	11
7514	9
7522	14
7524	9
7601	31
7603	7
7604	13
7605	11
7606	2
7607	12
7621	23
7624	15
7626	16
7627	10
7628	19
7630	10
7631	21
7632	8
7640	8
7641	2
7642	15
7643	11
7644	10
7645	14
7646	13
7647	7
7648	10
7649	12
7650	15
7652	20
7656	11
7657	7
7660	11
7661	17
7662	11
7663	19
7666	33
7670	33
7675	37
7676	7
7677	7
7701	26
7702	5
7704	9
7711	5
7712	42
7716	7
7717	2
7718	6
7719	30
7720	5
7721	5
7722	15
7723	2
7724	35
7726	73
7727	12
7728	52
7730	13
7731	40
7732	8
7733	18
7734	20
7735	19
7737	2
7738	4
7739	12
7740	22
7746	32
7747	49
7748	33
7750	9
7751	23
7753	40
7755	5
7756	6
7757	7
7758	11
7760	15
7762	12
7764	3
7801	25
7803	5
7821	13
7823	5
7825	7
7826	6
7827	2
7828	3
7830	8
7832	6
7834	21
7836	13
7838	5
7840	35
7843	20
7847	5
7848	6
7849	16
7850	8
7852	11
7853	13
7856	6
7857	3
7860	22
7863	5
7865	6
7866	24
7869	24
7871	27
7874	14
7876	14
7882	10
7885	17
7901	57
7920	66
7921	22
7922	14
7924	14
7927	3
7928	47
7930	12
7931	9
7932	17
7933	5
7934	4
7936	16
7940	36
7945	19
7946	5
7950	30
7960	54
7974	15
7980	5
7981	18
8002	28
8003	39
8004	9
8005	48
8006	2
8007	5
8008	47
8009	14
8010	9
8012	28
8015	13
8016	30
8020	5
8021	47
8022	9
8026	1
8027	4
8028	17
8029	4
8030	16
8031	13
8033	22
8034	20
8035	12
8036	8
8037	21
8043	37
8045	3
8046	37
8048	14
8049	4
8050	34
8051	26
8052	17
8053	48
8054	64
8055	50
8056	11
8057	33
8059	6
8060	24
8061	15
8062	26
8063	5
8065	4
8066	12
8067	2
8068	9
8069	21
8070	18
8071	13
8075	26
8077	22
8078	4
8079	6
8080	35
8081	51
8083	11
8084	3
8085	37
8086	4
8087	51
8088	32
8089	3
8090	9
8091	3
8092	3
8093	11
8094	44
8096	40
8097	3
8098	11
8102	3
8103	14
8104	22
8105	18
8106	10
8107	12
8108	24
8109	21
8110	16
8201	9
8202	9
8203	30
8204	34
8205	35
8210	17
8215	14
8221	11
8223	4
8225	10
8226	47
8230	4
8232	31
8234	61
8241	2
8242	11
8243	18
8244	9
8247	5
8251	18
8260	64
8270	7
8302	16
8310	1
8311	2
8312	11
8317	5
8318	16
8319	1
8322	11
8326	2
8328	2
8330	31
8332	48
8341	1
8343	6
8344	3
8345	1
8349	2
8360	29
8361	17
8401	30
8402	16
8403	6
8406	22
8501	7
8502	14
8505	26
8510	7
8512	14
8514	5
8515	17
8518	13
8520	28
8525	7
8527	75
8530	8
8533	3
8534	22
8535	3
8536	41
8540	94
8542	3
8550	40
8551	8
8554	4
8558	16
8559	6
8560	4
8562	4
8609	13
8610	19
8611	39
8618	51
8619	15
8620	9
8628	11
8629	14
8638	22
8648	37
8690	17
8691	28
8701	134
8721	31
8722	7
8723	34
8724	57
8730	14
8731	27
8732	1
8733	2
8734	12
8735	19
8736	16
8738	7
8740	2
8741	4
8742	35
8750	4
8751	17
8752	9
8753	68
8755	29
8757	71
8758	19
8759	38
8801	13
8802	7
8804	3
8805	12
8807	47
8809	7
8810	8
8812	19
8816	58
8817	32
8820	69
8822	39
8823	16
8824	22
8825	3
8826	3
8827	6
8828	2
8829	3
8830	14
8831	121
8833	10
8835	12
8836	8
8837	20
8840	17
8844	50
8846	11
8848	13
8850	9
8852	34
8853	7
8854	51
8857	48
8859	22
8861	35
8863	9
8865	26
8867	6
8869	6
8872	14
8873	69
8876	20
8879	15
8880	3
8882	16
8884	7
8886	9
8887	3
8889	7
8901	25
8902	49
8904	12
