10001	16
10002	13
10003	52
10004	2
10005	8
10007	8
10009	15
10013	31
10025	43
10027	10
10029	4
10030	3
10031	6
10036	22
10280	5
10301	10
10302	7
10303	5
10304	12
10305	12
10306	24
10307	3
10308	15
10309	15
10310	9
10312	21
10314	34
10456	1
10459	1
10462	12
10463	6
10464	2
10465	6
10466	5
10467	5
10469	13
10471	6
10473	13
10502	8
10504	14
10506	7
10507	6
10509	12
10510	7
10512	13
10514	11
10516	5
10518	3
10520	3
10522	8
10523	5
10524	1
10526	1
10528	9
10530	6
10532	3
10533	9
10536	5
10537	3
10538	20
10541	16
10543	8
10546	2
10547	6
10548	3
10549	9
10550	3
10552	7
10553	3
10560	3
10562	21
10566	9
10567	12
10570	5
10573	20
10576	4
10577	3
10579	7
10580	24
10583	39
10588	1
10589	7
10590	7
10591	7
10594	3
10595	2
10598	16
10601	2
10603	11
10604	6
10605	14
10606	3
10607	6
10701	7
10703	3
10704	13
10705	2
10706	6
10707	6
10708	10
10709	12
10710	16
10801	6
10803	12
10804	9
10805	3
10901	13
10913	3
10916	3
10917	3
10918	10
10920	6
10921	5
10923	7
10924	8
10925	7
10926	4
10928	4
10930	10
10940	35
10941	7
10950	38
10954	16
10956	28
10958	1
10960	11
10962	2
10963	3
10964	2
10965	8
10968	4
10970	4
10973	2
10974	2
10980	11
10983	6
10984	5
10986	3
10987	5
10989	6
10990	17
10992	7
10993	3
10994	4
10998	1
11001	10
11003	17
11004	5
11010	6
11020	7
11021	10
11023	11
11024	4
11030	23
11040	31
11050	26
11096	3
11101	21
11103	4
11105	5
11106	14
11201	65
11203	4
11204	7
11205	28
11207	9
11208	7
11209	19
11210	12
11211	33
11212	3
11214	17
11215	61
11216	6
11217	13
11218	13
11220	10
11221	1
11222	6
11224	13
11225	7
11226	7
11228	8
11229	58
11230	21
11231	12
11232	5
11234	20
11235	32
11236	10
11238	18
11249	47
11354	25
11355	24
11356	7
11357	24
11358	16
11360	17
11361	12
11362	24
11363	6
11364	34
11365	18
11366	8
11367	24
11368	7
11369	9
11370	7
11372	17
11373	23
11374	14
11375	64
11377	13
11378	6
11379	14
11385	5
11411	6
11412	17
11413	9
11414	11
11415	15
11416	6
11417	5
11418	6
11419	7
11420	12
11421	9
11422	6
11423	5
11426	8
11427	7
11428	4
11429	11
11432	17
11433	12
11434	24
11435	20
11436	8
11501	6
11507	6
11509	2
11510	19
11514	1
11516	8
11518	4
11520	23
11530	32
11542	10
11545	12
11550	32
11552	17
11553	9
11554	29
11557	3
11558	9
11559	7
11560	5
11561	30
11563	12
11565	12
11566	21
11568	2
11569	3
11570	25
11572	21
11575	10
11576	14
11577	14
11579	6
11580	21
11581	11
11590	28
11596	7
11598	12
11691	10
11692	5
11693	3
11694	9
11701	9
11702	4
11703	6
11704	14
11705	6
11706	39
11709	3
11710	27
11713	7
11714	11
11716	5
11717	27
11718	3
11719	5
11720	14
11721	6
11722	16
11724	2
11725	18
11726	13
11727	16
11729	11
11730	5
11731	15
11732	8
11733	15
11735	16
11738	6
11739	1
11740	6
11741	15
11742	4
11743	34
11746	32
11747	19
11749	3
11751	8
11752	4
11753	15
11754	10
11755	9
11756	25
11757	25
11758	44
11762	13
11763	18
11764	15
11766	9
11767	16
11768	26
11769	7
11771	9
11772	17
11776	13
11777	8
11778	5
11779	16
11780	18
11782	11
11783	16
11784	17
11786	5
11787	25
11788	10
11789	9
11790	13
11791	30
11792	6
11793	20
11795	7
11796	2
11797	8
11798	14
11801	25
11803	14
11804	5
11901	14
11932	1
11933	6
11934	9
11935	1
11937	32
11939	4
11940	3
11941	8
11942	5
11944	8
11946	13
11948	1
11949	8
11950	5
11951	5
11952	7
11953	14
11954	4
11955	4
11957	2
11958	3
11959	1
11960	1
11961	17
11967	18
11971	5
11976	8
11977	5
11980	5
12009	8
12018	13
12019	10
12020	17
12023	1
12025	7
12027	3
12032	2
12033	7
12043	5
12047	10
12053	7
12054	17
12057	2
12059	3
12061	7
12062	1
12065	43
12066	2
12074	4
12076	2
12077	5
12078	15
12084	6
12090	4
12093	2
12094	2
12095	7
12110	11
12116	2
12117	3
12118	15
12121	2
12122	3
12123	3
12134	3
12137	3
12138	4
12140	3
12143	3
12144	11
12148	4
12149	2
12154	3
12157	3
12158	4
12159	4
12168	1
12170	2
12180	20
12182	8
12185	3
12186	3
12188	5
12189	19
12196	2
12197	4
12198	5
12202	3
12203	13
12204	2
12205	18
12206	8
12208	7
12209	7
12210	1
12211	8
12302	24
12303	19
12304	13
12306	21
12308	3
12309	29
12401	21
12404	1
12409	2
12428	3
12429	3
12440	1
12443	5
12446	5
12449	2
12458	2
12461	3
12466	5
12472	4
12477	13
12481	1
12484	1
12486	1
12487	4
12491	5
12498	7
12518	4
12520	3
12525	1
12528	10
12542	1
12543	2
12547	2
12549	8
12550	22
12553	23
12561	6
12563	4
12566	7
12575	3
12577	2
12586	6
12589	11
12729	1
12740	2
12771	8
12780	1
12801	8
12803	11
12804	17
12809	2
12814	3
12815	2
12816	6
12817	2
12822	4
12824	1
12828	9
12831	17
12832	4
12833	6
12834	5
12835	5
12836	3
12839	3
12845	8
12846	4
12850	3
12859	3
12865	4
12866	23
12870	1
12871	3
12883	3
12885	6
12887	11
12901	24
12903	6
12910	1
12912	4
12918	1
12919	2
12920	1
12921	2
12928	1
12932	1
12935	2
12937	3
12941	4
12942	2
12944	3
12946	3
12953	8
12958	4
12962	6
12972	3
12979	3
12981	1
12983	3
12986	3
12992	4
12993	1
12996	1
13021	28
13027	31
13029	4
13030	7
13031	14
13032	13
13033	3
13034	3
13035	10
13036	3
13037	8
13039	18
13040	1
13042	1
13044	3
13045	16
13053	4
13057	11
13060	1
13063	2
13066	13
13068	2
13069	16
13073	2
13074	1
13076	3
13077	5
13078	9
13080	3
13082	3
13083	3
13084	4
13088	14
13092	2
13101	3
13104	16
13108	13
13110	1
13112	1
13114	3
13116	5
13118	9
13120	4
13126	21
13131	5
13132	5
13135	3
13140	4
13142	3
13143	2
13145	3
13148	9
13152	5
13156	4
13159	4
13160	2
13164	4
13165	3
13166	2
13203	6
13204	14
13205	9
13206	15
13207	13
13208	4
13209	7
13210	7
13211	7
13212	10
13214	6
13215	8
13219	16
13224	6
13304	1
13308	2
13309	5
13316	8
13320	2
13323	4
13326	3
13332	2
13338	4
13346	4
13354	1
13363	3
13403	6
13408	1
13409	1
13411	3
13413	14
13417	2
13421	8
13424	6
13425	2
13438	2
13439	2
13440	24
13456	4
13460	1
13461	13
13471	1
13476	3
13478	4
13480	1
13490	3
13491	2
13492	11
13493	5
13495	1
13501	15
13502	18
13601	29
13605	2
13607	4
13612	7
13617	3
13618	6
13619	9
13622	1
13624	3
13634	7
13637	4
13642	6
13646	4
13650	7
13656	3
13658	1
13662	18
13667	1
13668	3
13669	13
13676	8
13679	2
13685	3
13691	3
13730	3
13732	5
13733	6
13734	1
13746	1
13748	2
13760	26
13778	4
13787	4
13790	10
13795	1
13803	2
13811	4
13812	3
13815	12
13820	19
13825	1
13827	6
13830	2
13833	1
13850	15
13862	2
13865	2
13901	8
13903	15
13904	9
13905	19
14001	6
14004	6
14005	3
14006	8
14012	2
14020	16
14025	4
14028	2
14030	2
14036	2
14040	1
14042	1
14048	22
14058	1
14062	5
14065	1
14067	5
14070	5
14080	4
14081	2
14092	17
14094	48
14098	2
14101	2
14103	8
14105	4
14108	6
14120	30
14125	1
14131	3
14132	10
14136	9
14138	1
14141	7
14143	3
14171	1
14172	4
14174	5
14201	2
14212	4
14214	9
14216	13
14218	8
14301	5
14303	1
14304	22
14305	15
14411	5
14414	5
14416	1
14420	11
14422	2
14423	6
14428	6
14435	7
14437	5
14445	8
14450	38
14454	7
14464	7
14467	5
14468	25
14470	4
14472	6
14476	4
14477	3
14481	3
14482	3
14485	5
14487	2
14506	1
14510	5
14514	6
14517	2
14521	7
14525	3
14526	29
14533	2
14534	30
14541	2
14543	4
14546	8
14559	11
14560	2
14572	2
14580	38
14586	12
14605	5
14606	17
14607	6
14608	2
14609	32
14610	14
14611	12
14612	25
14613	12
14615	13
14616	22
14617	22
14618	24
14619	5
14620	11
14621	23
14622	11
14623	14
14624	27
14625	12
14626	21
14701	25
14706	6
14710	2
14712	6
14715	3
14716	1
14718	1
14719	3
14724	2
14727	6
14733	7
14735	2
14737	2
14738	5
14739	7
14741	2
14747	3
14750	7
14755	1
14757	4
14760	16
14770	4
14775	2
14781	1
14782	1
14787	2
14801	3
14806	1
14807	1
14809	3
14812	1
14813	1
14814	3
14817	1
14826	2
14830	13
14840	3
14843	15
14845	26
14850	29
14865	4
14867	3
14870	10
14871	2
14873	3
14879	3
14880	2
14882	3
14883	2
14886	2
14891	5
14892	5
14895	7
14901	9
14903	5
14904	10
14905	7
6001	19
6002	21
6010	40
6013	6
6016	5
6018	2
6019	7
6021	5
6026	7
6027	4
6029	8
6031	4
6032	23
6033	23
6035	6
6037	25
6039	3
6040	22
6042	14
6043	6
6051	8
6052	3
6053	16
6057	11
6058	3
6060	5
6062	13
6063	4
6066	24
6067	11
6068	5
6069	6
6070	17
6071	6
6073	10
6074	18
6076	12
6078	9
6081	2
6082	27
6084	13
6085	6
6088	4
6089	3
6092	6
6093	4
6095	28
6096	12
6098	7
6105	7
6106	15
6107	19
6108	16
6109	15
6110	9
6111	23
6112	5
6114	9
6117	10
6118	12
6119	7
6120	3
6226	6
6231	3
6232	4
6234	7
6235	2
6237	3
6238	15
6239	11
6241	7
6242	3
6247	2
6248	5
6249	4
6250	5
6254	1
6255	4
6256	1
6259	2
6260	8
6268	3
6277	3
6278	6
6279	6
6280	3
6281	4
6282	4
6320	7
6330	2
6331	7
6333	9
6334	3
6335	11
6339	9
6340	32
6351	11
6354	3
6355	6
6357	11
6359	4
6360	18
6365	7
6370	4
6371	13
6374	11
6375	5
6377	1
6378	8
6379	7
6382	7
6384	5
6385	13
6401	8
6403	5
6405	33
6410	24
6412	1
6413	11
6415	12
6416	17
6417	2
6418	8
6419	7
6420	4
6422	10
6423	10
6424	17
6426	6
6437	21
6438	2
6442	4
6443	14
6447	10
6450	26
6451	23
6455	4
6457	37
6460	33
6461	13
6468	11
6469	4
6470	21
6471	9
6472	2
6473	10
6475	7
6477	13
6478	11
6479	6
6480	3
6481	1
6482	10
6483	10
6484	26
6488	25
6489	23
6492	44
6498	13
6511	8
6512	28
6513	23
6514	17
6515	5
6516	29
6517	13
6518	9
6519	4
6524	3
6525	7
6604	11
6605	6
6606	28
6607	1
6608	4
6610	12
6611	25
6612	7
6614	21
6615	14
6704	15
6705	23
6706	5
6708	15
6710	5
6712	9
6716	11
6750	2
6751	3
6752	1
6754	1
6756	6
6757	3
6759	3
6762	7
6763	1
6770	27
6776	20
6777	2
6778	2
6779	6
6782	6
6783	2
6784	4
6786	7
6787	4
6790	23
6791	7
6793	3
6794	2
6795	8
6796	1
6798	8
6801	18
6804	18
6807	10
6810	23
6811	22
6812	21
6820	16
6824	31
6825	22
6830	18
6831	14
6840	22
6850	13
6851	19
6853	5
6854	14
6855	8
6870	10
6877	23
6878	5
6880	40
6883	11
6890	7
6896	10
6897	17
6901	10
6902	33
6903	13
6905	11
6906	12
6907	9
7001	9
7002	25
7003	36
7004	6
7005	13
7006	20
7008	14
7009	15
7010	20
7011	20
7012	6
7013	20
7014	7
7016	12
7017	11
7018	20
7020	13
7021	2
7022	5
7023	7
7024	22
7026	13
7027	6
7028	9
7029	4
7030	76
7031	10
7032	17
7033	3
7034	7
7035	15
7036	24
7039	31
7040	35
7041	7
7042	15
7043	14
7044	19
7045	9
7046	9
7047	32
7050	14
7052	45
7054	18
7055	21
7057	8
7058	2
7059	19
7060	25
7062	9
7063	13
7064	2
7065	26
7066	11
7067	17
7068	8
7069	8
7070	9
7071	8
7072	2
7073	5
7075	5
7076	20
7077	3
7078	22
7079	22
7080	14
7081	11
7082	4
7083	43
7086	11
7087	26
7090	20
7092	6
7093	20
7094	13
7095	12
7102	3
7103	15
7105	19
7106	18
7107	13
7108	17
7109	21
7110	17
7111	27
7112	17
7114	7
7201	7
7202	23
7203	11
7204	5
7205	18
7206	24
7208	11
7302	60
7304	14
7305	38
7306	18
7307	20
7310	8
7401	10
7403	6
7405	20
7407	10
7410	24
7416	2
7417	11
7418	2
7419	17
7420	6
7421	12
7422	8
7423	6
7424	14
7430	28
7432	6
7435	4
7436	16
7438	9
7439	4
7440	4
7442	14
7444	4
7446	12
7450	25
7452	16
7456	15
7457	4
7458	6
7460	3
7461	15
7462	7
7463	12
7465	7
7470	45
7480	16
7481	20
7501	21
7502	7
7503	4
7504	6
7506	19
7508	18
7512	4
7513	4
7514	12
7522	16
7524	9
7601	18
7603	5
7604	12
7605	6
7606	2
7607	10
7621	19
7624	8
7626	11
7627	11
7628	12
7630	7
7631	16
7632	7
7640	3
7641	2
7642	7
7643	3
7644	18
7645	7
7646	9
7647	4
7648	5
7649	4
7650	11
7652	19
7656	7
7657	5
7660	3
7661	12
7662	6
7663	3
7666	26
7670	16
7675	23
7676	9
7677	6
7701	26
7702	3
7704	8
7711	3
7712	29
7716	9
7717	3
7718	4
7719	28
7720	2
7721	3
7722	5
7723	3
7724	23
7726	54
7727	6
7728	35
7730	11
7731	24
7732	6
7733	14
7734	7
7735	12
7737	6
7738	4
7739	12
7740	27
7746	15
7747	32
7748	25
7750	7
7751	23
7753	31
7755	5
7756	3
7757	6
7758	6
7760	16
7762	10
7764	10
7801	17
7803	5
7821	7
7823	3
7825	5
7826	5
7827	1
7828	10
7830	5
7832	2
7834	9
7836	10
7838	4
7840	22
7843	10
7847	2
7848	6
7849	7
7850	7
7852	4
7853	17
7856	6
7857	4
7860	16
7863	2
7865	3
7866	9
7869	14
7871	19
7874	6
7876	10
7882	14
7885	5
7901	21
7920	38
7921	15
7922	7
7924	10
7927	6
7928	29
7930	7
7931	3
7932	11
7933	5
7934	4
7936	5
7940	19
7945	16
7946	5
7950	29
7960	51
7974	13
7980	2
7981	12
8002	17
8003	31
8004	7
8005	21
8006	2
8007	1
8008	33
8009	11
8010	3
8012	22
8015	14
8016	23
8020	4
8021	24
8022	6
8026	2
8027	3
8028	9
8029	6
8030	8
8031	10
8033	20
8034	16
8035	4
8036	5
8037	12
8043	21
8045	1
8046	18
8048	17
8049	8
8050	28
8051	6
8052	7
8053	33
8054	39
8055	23
8056	8
8057	17
8059	7
8060	15
8061	3
8062	10
8063	3
8065	8
8066	5
8067	5
8068	6
8069	6
8070	8
8071	10
8075	29
8077	14
8078	5
8079	7
8080	27
8081	31
8083	7
8084	4
8085	25
8086	7
8087	39
8088	32
8089	4
8090	5
8091	6
8092	5
8093	6
8094	34
8096	25
8097	5
8098	6
8102	5
8103	8
8104	14
8105	15
8106	20
8107	4
8108	17
8109	15
8110	8
8201	7
8202	19
8203	27
8204	31
8205	26
8210	18
8215	7
8221	4
8223	7
8225	10
8226	56
8230	6
8232	23
8234	47
8241	2
8242	7
8243	11
8244	11
8247	8
8251	19
8260	61
8270	4
8302	32
8310	2
8311	3
8312	9
8317	1
8318	12
8319	2
8322	6
8326	1
8328	1
8330	29
8332	69
8341	2
8343	3
8344	5
8345	2
8349	1
8360	24
8361	12
8401	23
8402	30
8403	5
8406	18
8501	3
8502	10
8505	7
8510	8
8512	15
8514	8
8515	13
8518	20
8520	10
8525	6
8527	51
8530	13
8533	2
8534	17
8535	6
8536	21
8540	61
8542	5
8550	19
8551	6
8554	2
8558	7
8559	7
8560	3
8562	3
8609	10
8610	15
8611	15
8618	26
8619	14
8620	7
8628	6
8629	11
8638	18
8648	17
8690	16
8691	15
8701	123
8721	24
8722	8
8723	43
8724	52
8730	4
8731	22
8732	1
8733	1
8734	10
8735	11
8736	14
8738	8
8740	3
8741	6
8742	32
8750	9
8751	10
8752	6
8753	53
8755	19
8757	61
8758	7
8759	37
8801	8
8802	4
8804	5
8805	6
8807	38
8809	7
8810	8
8812	11
8816	27
8817	18
8820	30
8822	43
8823	9
8824	12
8825	5
8826	6
8827	5
8828	1
8829	3
8830	9
8831	72
8833	10
8835	15
8836	5
8837	5
8840	10
8844	38
8846	5
8848	9
8850	9
8852	20
8853	5
8854	23
8857	14
8859	10
8861	18
8863	8
8865	23
8867	6
8869	5
8872	10
8873	52
8876	10
8879	12
8880	5
8882	7
8884	8
8886	6
8887	1
8889	11
8901	20
8902	24
8904	10
