10001	17
10002	17
10003	46
10004	8
10005	7
10007	5
10009	20
10013	20
10025	37
10027	10
10029	13
10030	4
10031	3
10036	20
10280	7
10301	17
10302	6
10303	10
10304	14
10305	13
10306	31
10307	3
10308	14
10309	17
10310	8
10312	24
10314	32
10456	2
10459	1
10462	10
10463	4
10464	2
10465	4
10466	5
10467	3
10469	16
10471	4
10473	18
10502	3
10504	7
10506	8
10507	5
10509	7
10510	15
10512	14
10514	7
10516	4
10518	3
10520	4
10522	3
10523	3
10524	2
10526	2
10528	4
10530	4
10532	4
10533	3
10536	8
10537	3
10538	8
10541	8
10543	12
10546	1
10547	1
10548	1
10549	9
10550	1
10552	7
10553	1
10560	6
10562	13
10566	11
10567	8
10570	5
10573	5
10576	5
10577	2
10579	12
10580	15
10583	12
10588	3
10589	5
10590	6
10591	6
10594	1
10595	3
10598	16
10601	5
10603	6
10604	5
10605	12
10606	3
10607	1
10701	5
10703	3
10704	7
10705	3
10706	7
10707	8
10708	10
10709	7
10710	19
10801	5
10803	7
10804	13
10805	2
10901	5
10913	2
10916	2
10917	2
10918	7
10920	3
10921	2
10923	7
10924	7
10925	5
10926	1
10928	2
10930	7
10940	28
10941	6
10950	64
10954	12
10956	8
10958	3
10960	13
10962	2
10963	1
10964	2
10965	8
10968	2
10970	6
10973	2
10974	3
10980	5
10983	5
10984	1
10986	4
10987	3
10989	3
10990	14
10992	6
10993	3
10994	2
10998	3
11001	15
11003	15
11004	11
11010	13
11020	4
11021	9
11023	5
11024	6
11030	24
11040	24
11050	17
11096	2
11101	14
11103	3
11105	6
11106	7
11201	88
11203	5
11204	15
11205	17
11207	11
11208	5
11209	35
11210	11
11211	30
11212	3
11214	13
11215	45
11216	10
11217	15
11218	19
11220	12
11221	2
11222	26
11224	14
11225	10
11226	9
11228	6
11229	37
11230	16
11231	19
11232	5
11234	26
11235	38
11236	20
11238	30
11249	43
11354	36
11355	160
11356	11
11357	24
11358	8
11360	25
11361	16
11362	18
11363	6
11364	32
11365	16
11366	6
11367	22
11368	7
11369	5
11370	6
11372	23
11373	24
11374	25
11375	68
11377	20
11378	9
11379	8
11385	4
11411	7
11412	12
11413	16
11414	17
11415	15
11416	7
11417	6
11418	7
11419	4
11420	13
11421	12
11422	2
11423	11
11426	14
11427	10
11428	5
11429	6
11432	15
11433	7
11434	20
11435	13
11436	6
11501	10
11507	7
11509	2
11510	22
11514	6
11516	6
11518	3
11520	25
11530	20
11542	11
11545	7
11550	25
11552	10
11553	11
11554	23
11557	5
11558	4
11559	7
11560	6
11561	21
11563	6
11565	5
11566	19
11568	7
11569	3
11570	18
11572	12
11575	8
11576	13
11577	7
11579	6
11580	13
11581	12
11590	29
11596	6
11598	9
11691	7
11692	5
11693	8
11694	5
11701	9
11702	8
11703	10
11704	19
11705	5
11706	33
11709	6
11710	14
11713	7
11714	10
11716	4
11717	28
11718	4
11719	2
11720	11
11721	3
11722	35
11724	2
11725	22
11726	4
11727	11
11729	16
11730	9
11731	12
11732	1
11733	9
11735	13
11738	10
11739	1
11740	4
11741	6
11742	5
11743	30
11746	31
11747	13
11749	4
11751	5
11752	6
11753	15
11754	18
11755	10
11756	21
11757	18
11758	32
11762	14
11763	16
11764	7
11766	7
11767	9
11768	16
11769	3
11771	10
11772	14
11776	18
11777	6
11778	8
11779	18
11780	12
11782	6
11783	13
11784	9
11786	3
11787	10
11788	10
11789	4
11790	13
11791	15
11792	10
11793	16
11795	21
11796	1
11797	8
11798	9
11801	24
11803	17
11804	5
11901	13
11932	2
11933	1
11934	10
11935	5
11937	32
11939	2
11940	3
11941	6
11942	6
11944	3
11946	15
11948	2
11949	10
11950	7
11951	9
11952	3
11953	15
11954	8
11955	3
11957	1
11958	2
11959	1
11960	2
11961	10
11967	18
11971	5
11976	1
11977	3
11980	4
12009	5
12018	4
12019	18
12020	28
12023	2
12025	1
12027	3
12032	1
12033	2
12043	7
12047	9
12053	3
12054	12
12057	2
12059	2
12061	6
12062	2
12065	31
12066	1
12074	3
12076	1
12077	4
12078	15
12084	5
12090	6
12093	5
12094	4
12095	4
12110	11
12116	2
12117	4
12118	13
12121	2
12122	2
12123	4
12134	2
12137	1
12138	2
12140	2
12143	4
12144	14
12148	4
12149	2
12154	3
12157	3
12158	2
12159	4
12168	2
12170	4
12180	16
12182	7
12185	2
12186	2
12188	8
12189	7
12196	1
12197	2
12198	7
12202	5
12203	12
12204	5
12205	18
12206	4
12208	12
12209	3
12210	3
12211	12
12302	22
12303	17
12304	10
12306	18
12308	5
12309	21
12401	26
12404	2
12409	2
12428	1
12429	2
12440	1
12443	3
12446	2
12449	4
12458	2
12461	2
12466	4
12472	2
12477	14
12481	3
12484	5
12486	1
12487	4
12491	2
12498	8
12518	1
12520	3
12525	3
12528	10
12542	5
12543	4
12547	1
12549	8
12550	19
12553	12
12561	6
12563	4
12566	9
12575	1
12577	1
12586	6
12589	8
12729	2
12740	1
12771	6
12780	1
12801	11
12803	8
12804	13
12809	2
12814	3
12815	3
12816	4
12817	2
12822	2
12824	1
12828	3
12831	16
12832	3
12833	2
12834	2
12835	5
12836	1
12839	7
12845	5
12846	1
12850	1
12859	4
12865	2
12866	26
12870	4
12871	4
12883	3
12885	3
12887	2
12901	14
12903	2
12910	1
12912	1
12918	3
12919	3
12920	1
12921	3
12928	2
12932	1
12935	1
12937	1
12941	3
12942	1
12944	2
12946	7
12953	7
12958	1
12962	3
12972	4
12979	1
12981	1
12983	5
12986	4
12992	5
12993	1
12996	3
13021	15
13027	24
13029	8
13030	4
13031	9
13032	7
13033	3
13034	3
13035	9
13036	6
13037	5
13039	17
13040	3
13042	2
13044	2
13045	14
13053	3
13057	15
13060	1
13063	2
13066	15
13068	3
13069	17
13073	4
13074	2
13076	2
13077	4
13078	5
13080	2
13082	3
13083	3
13084	4
13088	16
13092	3
13101	2
13104	8
13108	5
13110	1
13112	2
13114	3
13116	2
13118	4
13120	4
13126	23
13131	1
13132	4
13135	8
13140	2
13142	3
13143	2
13145	1
13148	10
13152	7
13156	2
13159	2
13160	1
13164	8
13165	5
13166	2
13203	7
13204	7
13205	12
13206	9
13207	10
13208	8
13209	14
13210	10
13211	4
13212	13
13214	5
13215	7
13219	7
13224	4
13304	1
13308	4
13309	4
13316	6
13320	1
13323	9
13326	2
13332	2
13338	1
13346	4
13354	1
13363	3
13403	3
13408	1
13409	1
13411	1
13413	14
13417	2
13421	6
13424	1
13425	5
13438	2
13439	1
13440	19
13456	4
13460	3
13461	3
13471	2
13476	1
13478	5
13480	2
13490	1
13491	1
13492	9
13493	1
13495	1
13501	10
13502	17
13601	16
13605	6
13607	3
13612	2
13617	3
13618	1
13619	8
13622	3
13624	6
13634	3
13637	3
13642	7
13646	3
13650	2
13656	2
13658	1
13662	11
13667	1
13668	2
13669	6
13676	5
13679	1
13685	5
13691	2
13730	1
13732	5
13733	3
13734	1
13746	3
13748	5
13760	20
13778	1
13787	1
13790	10
13795	2
13803	3
13811	2
13812	1
13815	5
13820	10
13825	4
13827	8
13830	1
13833	3
13850	9
13862	3
13865	3
13901	9
13903	10
13904	4
13905	12
14001	3
14004	7
14005	2
14006	3
14012	1
14020	11
14025	4
14028	3
14030	2
14036	2
14040	1
14042	1
14048	10
14058	3
14062	2
14065	1
14067	5
14070	6
14080	2
14081	2
14092	8
14094	35
14098	1
14101	2
14103	9
14105	2
14108	4
14120	31
14125	2
14131	1
14132	6
14136	3
14138	1
14141	1
14143	2
14171	1
14172	3
14174	5
14201	2
14212	7
14214	9
14216	6
14218	6
14301	9
14303	9
14304	23
14305	11
14411	7
14414	1
14416	2
14420	11
14422	2
14423	3
14428	6
14435	3
14437	5
14445	7
14450	22
14454	3
14464	2
14467	8
14468	16
14470	7
14472	3
14476	2
14477	6
14481	3
14482	8
14485	1
14487	7
14506	2
14510	2
14514	5
14517	2
14521	9
14525	1
14526	20
14533	1
14534	31
14541	1
14543	1
14546	2
14559	13
14560	1
14572	3
14580	46
14586	14
14605	4
14606	23
14607	2
14608	16
14609	22
14610	19
14611	17
14612	22
14613	15
14615	11
14616	31
14617	11
14618	11
14619	9
14620	9
14621	15
14622	9
14623	13
14624	21
14625	7
14626	22
14701	26
14706	1
14710	5
14712	9
14715	5
14716	1
14718	2
14719	2
14724	2
14727	3
14733	1
14735	1
14737	4
14738	3
14739	5
14741	1
14747	1
14750	3
14755	2
14757	2
14760	11
14770	1
14775	4
14781	1
14782	1
14787	2
14801	4
14806	2
14807	2
14809	2
14812	3
14813	4
14814	4
14817	2
14826	2
14830	16
14840	5
14843	9
14845	10
14850	22
14865	1
14867	1
14870	7
14871	4
14873	3
14879	1
14880	2
14882	2
14883	1
14886	7
14891	4
14892	6
14895	8
14901	5
14903	4
14904	20
14905	12
6001	19
6002	15
6010	38
6013	9
6016	6
6018	1
6019	6
6021	3
6026	5
6027	2
6029	12
6031	1
6032	21
6033	25
6035	9
6037	18
6039	3
6040	22
6042	18
6043	3
6051	10
6052	6
6053	16
6057	3
6058	1
6060	3
6062	13
6063	5
6066	13
6067	15
6068	4
6069	2
6070	14
6071	7
6073	7
6074	11
6076	9
6078	11
6081	4
6082	31
6084	7
6085	9
6088	7
6089	2
6092	2
6093	3
6095	24
6096	14
6098	4
6105	9
6106	4
6107	20
6108	17
6109	28
6110	10
6111	25
6112	4
6114	6
6117	14
6118	23
6119	8
6120	3
6226	7
6231	3
6232	2
6234	10
6235	6
6237	5
6238	7
6239	12
6241	6
6242	4
6247	4
6248	4
6249	5
6250	5
6254	2
6255	1
6256	1
6259	1
6260	6
6268	7
6277	4
6278	5
6279	5
6280	4
6281	7
6282	2
6320	15
6330	3
6331	7
6333	9
6334	3
6335	5
6339	7
6340	18
6351	12
6354	6
6355	8
6357	11
6359	4
6360	20
6365	5
6370	5
6371	10
6374	8
6375	6
6377	2
6378	7
6379	4
6382	7
6384	4
6385	11
6401	9
6403	3
6405	14
6410	22
6412	2
6413	13
6415	10
6416	6
6417	7
6418	9
6419	2
6420	4
6422	3
6423	4
6424	13
6426	6
6437	17
6438	4
6442	4
6443	16
6447	2
6450	21
6451	16
6455	2
6457	17
6460	34
6461	9
6468	9
6469	3
6470	5
6471	1
6472	5
6473	11
6475	24
6477	6
6478	13
6479	7
6480	2
6481	1
6482	11
6483	16
6484	37
6488	25
6489	20
6492	35
6498	7
6511	6
6512	18
6513	23
6514	16
6515	6
6516	61
6517	12
6518	6
6519	3
6524	3
6525	3
6604	6
6605	6
6606	30
6607	2
6608	6
6610	7
6611	14
6612	5
6614	25
6615	15
6704	17
6705	10
6706	9
6708	21
6710	6
6712	8
6716	11
6750	2
6751	3
6752	2
6754	2
6756	7
6757	4
6759	3
6762	6
6763	2
6770	23
6776	18
6777	1
6778	1
6779	3
6782	1
6783	4
6784	5
6786	7
6787	8
6790	30
6791	6
6793	2
6794	3
6795	7
6796	1
6798	3
6801	16
6804	10
6807	2
6810	29
6811	15
6812	15
6820	21
6824	23
6825	15
6830	20
6831	11
6840	23
6850	12
6851	21
6853	5
6854	15
6855	7
6870	9
6877	21
6878	6
6880	29
6883	12
6890	12
6896	7
6897	17
6901	8
6902	20
6903	16
6905	15
6906	5
6907	6
7001	4
7002	27
7003	27
7004	10
7005	15
7006	20
7008	21
7009	9
7010	17
7011	13
7012	8
7013	13
7014	3
7016	16
7017	21
7018	13
7020	21
7021	2
7022	6
7023	7
7024	24
7026	15
7027	3
7028	3
7029	7
7030	57
7031	7
7032	24
7033	2
7034	9
7035	7
7036	21
7039	21
7040	22
7041	7
7042	19
7043	4
7044	15
7045	12
7046	6
7047	24
7050	10
7052	40
7054	12
7055	26
7057	5
7058	2
7059	12
7060	27
7062	9
7063	10
7064	2
7065	14
7066	11
7067	14
7068	7
7069	5
7070	13
7071	11
7072	3
7073	4
7075	2
7076	15
7077	2
7078	12
7079	14
7080	10
7081	16
7082	3
7083	40
7086	6
7087	22
7090	30
7092	8
7093	36
7094	14
7095	12
7102	1
7103	29
7105	20
7106	21
7107	28
7108	17
7109	31
7110	14
7111	24
7112	21
7114	5
7201	18
7202	16
7203	12
7204	8
7205	17
7206	23
7208	14
7302	68
7304	18
7305	50
7306	26
7307	29
7310	5
7401	4
7403	4
7405	12
7407	14
7410	27
7416	7
7417	7
7418	2
7419	14
7420	4
7421	5
7422	5
7423	4
7424	19
7430	14
7432	6
7435	2
7436	11
7438	5
7439	3
7440	3
7442	9
7444	4
7446	13
7450	23
7452	7
7456	7
7457	4
7458	9
7460	2
7461	11
7462	23
7463	3
7465	13
7470	32
7480	7
7481	11
7501	19
7502	4
7503	12
7504	5
7506	14
7508	14
7512	6
7513	4
7514	9
7522	19
7524	13
7601	17
7603	8
7604	8
7605	8
7606	1
7607	9
7621	14
7624	7
7626	6
7627	5
7628	9
7630	2
7631	18
7632	5
7640	3
7641	1
7642	3
7643	10
7644	12
7645	1
7646	10
7647	4
7648	6
7649	6
7650	13
7652	17
7656	4
7657	8
7660	4
7661	9
7662	3
7663	5
7666	16
7670	11
7675	17
7676	9
7677	5
7701	26
7702	2
7704	7
7711	1
7712	29
7716	7
7717	5
7718	9
7719	17
7720	1
7721	1
7722	6
7723	4
7724	14
7726	39
7727	8
7728	30
7730	4
7731	21
7732	4
7733	11
7734	13
7735	18
7737	4
7738	5
7739	9
7740	15
7746	9
7747	9
7748	16
7750	4
7751	15
7753	16
7755	3
7756	6
7757	3
7758	2
7760	10
7762	9
7764	10
7801	15
7803	4
7821	7
7823	1
7825	5
7826	4
7827	4
7828	9
7830	9
7832	1
7834	18
7836	7
7838	7
7840	11
7843	7
7847	1
7848	2
7849	6
7850	2
7852	2
7853	9
7856	7
7857	3
7860	12
7863	2
7865	2
7866	10
7869	15
7871	11
7874	9
7876	10
7882	15
7885	9
7901	21
7920	23
7921	18
7922	9
7924	5
7927	5
7928	26
7930	6
7931	2
7932	7
7933	1
7934	2
7936	8
7940	10
7945	11
7946	3
7950	17
7960	34
7974	8
7980	4
7981	13
8002	15
8003	26
8004	5
8005	29
8006	6
8007	7
8008	42
8009	11
8010	8
8012	19
8015	22
8016	17
8020	2
8021	29
8022	5
8026	4
8027	4
8028	8
8029	6
8030	11
8031	10
8033	16
8034	16
8035	4
8036	6
8037	19
8043	24
8045	3
8046	18
8048	5
8049	4
8050	27
8051	7
8052	9
8053	28
8054	43
8055	16
8056	5
8057	10
8059	8
8060	18
8061	2
8062	12
8063	4
8065	7
8066	5
8067	5
8068	7
8069	11
8070	10
8071	5
8075	25
8077	12
8078	5
8079	6
8080	18
8081	41
8083	10
8084	5
8085	13
8086	3
8087	32
8088	20
8089	2
8090	3
8091	5
8092	1
8093	3
8094	29
8096	13
8097	2
8098	8
8102	5
8103	6
8104	11
8105	10
8106	7
8107	9
8108	9
8109	8
8110	6
8201	4
8202	12
8203	22
8204	18
8205	23
8210	9
8215	8
8221	8
8223	5
8225	9
8226	47
8230	2
8232	10
8234	25
8241	2
8242	4
8243	13
8244	14
8247	6
8251	21
8260	46
8270	3
8302	21
8310	2
8311	3
8312	2
8317	2
8318	13
8319	1
8322	3
8326	1
8328	1
8330	29
8332	28
8341	2
8343	3
8344	9
8345	2
8349	1
8360	23
8361	11
8401	19
8402	24
8403	4
8406	21
8501	3
8502	6
8505	14
8510	3
8512	7
8514	1
8515	7
8518	8
8520	10
8525	4
8527	40
8530	6
8533	3
8534	10
8535	2
8536	14
8540	31
8542	2
8550	14
8551	6
8554	4
8558	3
8559	2
8560	2
8562	4
8609	5
8610	23
8611	33
8618	23
8619	14
8620	8
8628	2
8629	8
8638	16
8648	18
8690	10
8691	24
8701	133
8721	26
8722	4
8723	30
8724	27
8730	6
8731	27
8732	5
8733	2
8734	11
8735	6
8736	11
8738	5
8740	2
8741	2
8742	30
8750	8
8751	14
8752	9
8753	43
8755	24
8757	59
8758	6
8759	51
8801	11
8802	5
8804	2
8805	6
8807	27
8809	2
8810	5
8812	17
8816	43
8817	15
8820	31
8822	18
8823	9
8824	7
8825	4
8826	4
8827	3
8828	3
8829	3
8830	14
8831	64
8833	8
8835	8
8836	1
8837	14
8840	11
8844	34
8846	5
8848	6
8850	2
8852	15
8853	4
8854	29
8857	30
8859	9
8861	30
8863	11
8865	26
8867	4
8869	2
8872	9
8873	42
8876	12
8879	19
8880	5
8882	12
8884	6
8886	4
8887	4
8889	10
8901	18
8902	18
8904	7
