10001	11
10002	16
10003	45
10004	8
10005	19
10007	11
10009	10
10013	23
10025	46
10027	30
10029	8
10030	1
10031	9
10036	12
10280	9
10301	7
10302	6
10303	7
10304	13
10305	15
10306	26
10307	8
10308	9
10309	15
10310	12
10312	49
10314	49
10456	1
10459	2
10462	8
10463	7
10464	2
10465	8
10466	6
10467	3
10469	18
10471	4
10473	7
10502	4
10504	6
10506	6
10507	5
10509	13
10510	5
10512	17
10514	11
10516	10
10518	1
10520	4
10522	6
10523	1
10524	3
10526	4
10528	5
10530	5
10532	2
10533	3
10536	12
10537	3
10538	9
10541	24
10543	9
10546	2
10547	4
10548	2
10549	8
10550	1
10552	5
10553	1
10560	3
10562	9
10566	4
10567	11
10570	5
10573	9
10576	8
10577	3
10579	7
10580	15
10583	22
10588	3
10589	16
10590	10
10591	5
10594	3
10595	4
10598	28
10601	2
10603	9
10604	5
10605	10
10606	6
10607	4
10701	8
10703	4
10704	8
10705	8
10706	2
10707	8
10708	12
10709	6
10710	15
10801	10
10803	5
10804	16
10805	5
10901	16
10913	3
10916	3
10917	5
10918	8
10920	5
10921	5
10923	5
10924	3
10925	3
10926	1
10928	3
10930	3
10940	23
10941	6
10950	36
10954	13
10956	17
10958	3
10960	7
10962	3
10963	4
10964	2
10965	7
10968	1
10970	5
10973	4
10974	1
10980	8
10983	8
10984	4
10986	1
10987	2
10989	8
10990	11
10992	9
10993	4
10994	8
10998	4
11001	12
11003	14
11004	8
11010	9
11020	8
11021	7
11023	13
11024	6
11030	25
11040	32
11050	17
11096	2
11101	13
11103	5
11105	3
11106	19
11201	56
11203	6
11204	12
11205	15
11207	6
11208	3
11209	24
11210	14
11211	6
11212	2
11214	13
11215	33
11216	12
11217	16
11218	14
11220	10
11221	1
11222	17
11224	13
11225	27
11226	8
11228	8
11229	31
11230	17
11231	27
11232	4
11234	19
11235	42
11236	7
11238	37
11249	40
11354	38
11355	32
11356	1
11357	31
11358	12
11360	11
11361	9
11362	16
11363	4
11364	22
11365	16
11366	5
11367	50
11368	7
11369	7
11370	7
11372	26
11373	17
11374	27
11375	55
11377	12
11378	5
11379	9
11385	6
11411	7
11412	27
11413	11
11414	22
11415	16
11416	3
11417	5
11418	7
11419	7
11420	12
11421	8
11422	11
11423	13
11426	14
11427	12
11428	6
11429	12
11432	10
11433	14
11434	17
11435	14
11436	8
11501	4
11507	6
11509	5
11510	19
11514	3
11516	5
11518	4
11520	18
11530	26
11542	8
11545	12
11550	19
11552	13
11553	8
11554	42
11557	5
11558	1
11559	8
11560	10
11561	15
11563	14
11565	6
11566	24
11568	6
11569	3
11570	21
11572	12
11575	11
11576	20
11577	19
11579	10
11580	21
11581	15
11590	21
11596	5
11598	11
11691	4
11692	1
11693	14
11694	9
11701	10
11702	5
11703	9
11704	21
11705	4
11706	29
11709	3
11710	33
11713	8
11714	10
11716	4
11717	18
11718	2
11719	3
11720	19
11721	7
11722	23
11724	2
11725	25
11726	12
11727	14
11729	19
11730	6
11731	19
11732	5
11733	11
11735	23
11738	11
11739	3
11740	6
11741	11
11742	5
11743	32
11746	37
11747	19
11749	3
11751	7
11752	3
11753	16
11754	8
11755	7
11756	32
11757	28
11758	45
11762	19
11763	16
11764	11
11766	16
11767	8
11768	17
11769	7
11771	7
11772	17
11776	12
11777	5
11778	8
11779	18
11780	15
11782	13
11783	13
11784	13
11786	3
11787	23
11788	14
11789	3
11790	14
11791	17
11792	11
11793	17
11795	22
11796	2
11797	3
11798	15
11801	19
11803	27
11804	5
11901	10
11932	3
11933	6
11934	6
11935	5
11937	22
11939	1
11940	5
11941	4
11942	5
11944	6
11946	8
11948	2
11949	9
11950	13
11951	8
11952	6
11953	8
11954	5
11955	5
11957	3
11958	2
11959	3
11960	2
11961	13
11967	17
11971	10
11976	9
11977	2
11980	1
12009	6
12018	6
12019	10
12020	21
12023	2
12025	1
12027	2
12032	1
12033	7
12043	8
12047	11
12053	8
12054	15
12057	1
12059	2
12061	6
12062	2
12065	33
12066	4
12074	2
12076	2
12077	2
12078	18
12084	3
12090	3
12093	2
12094	3
12095	8
12110	16
12116	4
12117	3
12118	14
12121	1
12122	4
12123	5
12134	4
12137	3
12138	1
12140	3
12143	3
12144	10
12148	8
12149	3
12154	2
12157	8
12158	3
12159	6
12168	3
12170	4
12180	27
12182	6
12185	2
12186	11
12188	14
12189	8
12196	4
12197	3
12198	7
12202	4
12203	16
12204	5
12205	15
12206	4
12208	4
12209	6
12210	1
12211	15
12302	21
12303	27
12304	16
12306	28
12308	7
12309	26
12401	15
12404	2
12409	1
12428	6
12429	1
12440	1
12443	2
12446	3
12449	1
12458	4
12461	2
12466	2
12472	1
12477	16
12481	1
12484	2
12486	2
12487	2
12491	1
12498	9
12518	4
12520	7
12525	2
12528	11
12542	7
12543	2
12547	4
12549	11
12550	16
12553	13
12561	8
12563	3
12566	5
12575	4
12577	3
12586	3
12589	6
12729	1
12740	1
12771	4
12780	3
12801	11
12803	5
12804	18
12809	1
12814	4
12815	3
12816	3
12817	5
12822	5
12824	3
12828	5
12831	19
12832	9
12833	5
12834	8
12835	2
12836	1
12839	10
12845	7
12846	1
12850	2
12859	1
12865	5
12866	32
12870	6
12871	5
12883	3
12885	5
12887	7
12901	17
12903	2
12910	3
12912	2
12918	1
12919	1
12920	2
12921	1
12928	2
12932	1
12935	3
12937	2
12941	2
12942	2
12944	3
12946	14
12953	6
12958	2
12962	3
12972	6
12979	1
12981	2
12983	12
12986	5
12992	2
12993	1
12996	4
13021	24
13027	42
13029	7
13030	9
13031	15
13032	16
13033	3
13034	3
13035	10
13036	7
13037	16
13039	21
13040	2
13042	5
13044	3
13045	25
13053	1
13057	20
13060	3
13063	2
13066	20
13068	5
13069	19
13073	2
13074	3
13076	4
13077	7
13078	12
13080	9
13082	5
13083	3
13084	3
13088	18
13092	3
13101	4
13104	13
13108	6
13110	2
13112	5
13114	5
13116	3
13118	3
13120	1
13126	17
13131	6
13132	5
13135	5
13140	4
13142	3
13143	1
13145	1
13148	7
13152	8
13156	2
13159	6
13160	2
13164	5
13165	5
13166	6
13203	4
13204	6
13205	9
13206	12
13207	15
13208	14
13209	13
13210	9
13211	7
13212	27
13214	9
13215	7
13219	14
13224	10
13304	2
13308	4
13309	3
13316	5
13320	5
13323	12
13326	7
13332	3
13338	3
13346	7
13354	2
13363	1
13403	6
13408	3
13409	3
13411	2
13413	13
13417	3
13421	14
13424	2
13425	1
13438	4
13439	4
13440	38
13456	4
13460	3
13461	9
13471	3
13476	5
13478	5
13480	2
13490	1
13491	3
13492	15
13493	3
13495	1
13501	24
13502	20
13601	29
13605	5
13607	2
13612	4
13617	6
13618	1
13619	13
13622	2
13624	5
13634	6
13637	5
13642	7
13646	2
13650	1
13656	2
13658	3
13662	14
13667	2
13668	5
13669	16
13676	7
13679	1
13685	4
13691	3
13730	4
13732	12
13733	3
13734	1
13746	1
13748	2
13760	34
13778	4
13787	7
13790	7
13795	5
13803	1
13811	3
13812	5
13815	9
13820	15
13825	3
13827	4
13830	3
13833	5
13850	17
13862	2
13865	4
13901	19
13903	7
13904	11
13905	18
14001	12
14004	14
14005	1
14006	13
14012	3
14020	19
14025	3
14028	4
14030	2
14036	3
14040	2
14042	1
14048	15
14058	4
14062	2
14065	2
14067	2
14070	1
14080	6
14081	2
14092	11
14094	23
14098	7
14101	2
14103	7
14105	4
14108	4
14120	41
14125	4
14131	2
14132	8
14136	4
14138	1
14141	7
14143	2
14171	2
14172	4
14174	7
14201	6
14212	8
14214	7
14216	12
14218	11
14301	4
14303	4
14304	13
14305	14
14411	12
14414	4
14416	3
14420	14
14422	1
14423	2
14428	2
14435	3
14437	5
14445	7
14450	34
14454	9
14464	3
14467	7
14468	17
14470	2
14472	8
14476	1
14477	6
14481	1
14482	6
14485	6
14487	4
14506	1
14510	2
14514	4
14517	1
14521	1
14525	2
14526	18
14533	2
14534	29
14541	2
14543	6
14546	3
14559	14
14560	3
14572	1
14580	55
14586	15
14605	2
14606	21
14607	3
14608	4
14609	30
14610	10
14611	10
14612	30
14613	5
14615	12
14616	21
14617	16
14618	25
14619	10
14620	15
14621	18
14622	15
14623	13
14624	25
14625	8
14626	18
14701	32
14706	4
14710	5
14712	4
14715	9
14716	3
14718	2
14719	1
14724	3
14727	5
14733	6
14735	3
14737	1
14738	4
14739	3
14741	2
14747	1
14750	7
14755	1
14757	4
14760	12
14770	6
14775	2
14781	2
14782	2
14787	6
14801	7
14806	1
14807	1
14809	3
14812	2
14813	3
14814	2
14817	2
14826	4
14830	20
14840	8
14843	9
14845	17
14850	22
14865	1
14867	4
14870	11
14871	6
14873	2
14879	2
14880	1
14882	3
14883	6
14886	9
14891	4
14892	5
14895	14
14901	16
14903	3
14904	13
14905	17
6001	13
6002	17
6010	40
6013	11
6016	8
6018	2
6019	10
6021	2
6026	6
6027	1
6029	15
6031	3
6032	17
6033	21
6035	5
6037	18
6039	3
6040	24
6042	11
6043	5
6051	12
6052	9
6053	16
6057	5
6058	2
6060	1
6062	12
6063	3
6066	26
6067	19
6068	6
6069	7
6070	11
6071	8
6073	11
6074	21
6076	7
6078	16
6081	2
6082	24
6084	11
6085	8
6088	5
6089	2
6092	5
6093	4
6095	26
6096	6
6098	8
6105	6
6106	4
6107	23
6108	9
6109	21
6110	9
6111	20
6112	2
6114	4
6117	19
6118	25
6119	11
6120	5
6226	2
6231	4
6232	1
6234	10
6235	5
6237	2
6238	14
6239	8
6241	1
6242	3
6247	1
6248	4
6249	11
6250	6
6254	1
6255	3
6256	2
6259	3
6260	8
6268	7
6277	10
6278	2
6279	5
6280	4
6281	9
6282	5
6320	18
6330	1
6331	5
6333	8
6334	2
6335	3
6339	6
6340	23
6351	12
6354	4
6355	5
6357	8
6359	1
6360	26
6365	3
6370	7
6371	15
6374	9
6375	8
6377	3
6378	5
6379	9
6382	4
6384	2
6385	18
6401	5
6403	1
6405	20
6410	16
6412	6
6413	17
6415	16
6416	17
6417	6
6418	5
6419	1
6420	3
6422	7
6423	7
6424	13
6426	5
6437	20
6438	5
6442	1
6443	12
6447	8
6450	28
6451	17
6455	1
6457	19
6460	26
6461	15
6468	16
6469	3
6470	13
6471	9
6472	4
6473	13
6475	11
6477	8
6478	8
6479	8
6480	9
6481	1
6482	10
6483	7
6484	23
6488	18
6489	33
6492	18
6498	2
6511	13
6512	28
6513	17
6514	21
6515	8
6516	28
6517	4
6518	13
6519	5
6524	1
6525	10
6604	14
6605	7
6606	26
6607	1
6608	3
6610	16
6611	27
6612	11
6614	34
6615	16
6704	14
6705	11
6706	6
6708	19
6710	4
6712	12
6716	10
6750	1
6751	3
6752	2
6754	2
6756	4
6757	3
6759	5
6762	8
6763	3
6770	11
6776	20
6777	3
6778	2
6779	4
6782	1
6783	5
6784	5
6786	7
6787	3
6790	27
6791	5
6793	3
6794	2
6795	9
6796	3
6798	8
6801	7
6804	8
6807	2
6810	26
6811	13
6812	10
6820	18
6824	29
6825	13
6830	12
6831	5
6840	13
6850	19
6851	19
6853	2
6854	14
6855	4
6870	4
6877	13
6878	4
6880	25
6883	8
6890	5
6896	9
6897	10
6901	5
6902	26
6903	11
6905	19
6906	3
6907	7
7001	7
7002	28
7003	29
7004	8
7005	10
7006	37
7008	10
7009	8
7010	9
7011	16
7012	6
7013	21
7014	2
7016	15
7017	16
7018	5
7020	10
7021	3
7022	6
7023	3
7024	24
7026	14
7027	5
7028	7
7029	2
7030	61
7031	16
7032	12
7033	4
7034	7
7035	7
7036	24
7039	30
7040	18
7041	4
7042	13
7043	10
7044	9
7045	12
7046	6
7047	27
7050	9
7052	45
7054	14
7055	20
7057	3
7058	3
7059	17
7060	23
7062	13
7063	7
7064	1
7065	20
7066	10
7067	11
7068	6
7069	6
7070	6
7071	10
7072	3
7073	8
7075	5
7076	18
7077	4
7078	13
7079	14
7080	17
7081	14
7082	7
7083	39
7086	7
7087	15
7090	39
7092	5
7093	20
7094	8
7095	9
7102	3
7103	10
7105	8
7106	6
7107	9
7108	6
7109	29
7110	22
7111	18
7112	14
7114	4
7201	16
7202	21
7203	13
7204	10
7205	10
7206	14
7208	12
7302	52
7304	10
7305	29
7306	22
7307	11
7310	4
7401	5
7403	4
7405	16
7407	10
7410	22
7416	6
7417	12
7418	1
7419	11
7420	3
7421	6
7422	8
7423	5
7424	11
7430	14
7432	7
7435	2
7436	12
7438	9
7439	1
7440	2
7442	9
7444	10
7446	15
7450	16
7452	3
7456	6
7457	4
7458	11
7460	3
7461	13
7462	9
7463	5
7465	6
7470	39
7480	16
7481	13
7501	12
7502	7
7503	10
7504	4
7506	14
7508	15
7512	9
7513	1
7514	5
7522	9
7524	4
7601	13
7603	1
7604	9
7605	7
7606	2
7607	8
7621	17
7624	8
7626	6
7627	10
7628	9
7630	5
7631	22
7632	6
7640	4
7641	2
7642	6
7643	8
7644	8
7645	9
7646	10
7647	1
7648	4
7649	2
7650	7
7652	10
7656	3
7657	7
7660	7
7661	7
7662	2
7663	12
7666	19
7670	9
7675	10
7676	6
7677	3
7701	25
7702	3
7704	13
7711	2
7712	23
7716	6
7717	4
7718	5
7719	24
7720	2
7721	1
7722	12
7723	2
7724	15
7726	43
7727	3
7728	41
7730	9
7731	25
7732	7
7733	16
7734	8
7735	11
7737	6
7738	4
7739	7
7740	25
7746	27
7747	19
7748	22
7750	5
7751	13
7753	23
7755	3
7756	8
7757	9
7758	5
7760	18
7762	12
7764	2
7801	14
7803	7
7821	7
7823	6
7825	8
7826	3
7827	4
7828	10
7830	3
7832	4
7834	20
7836	11
7838	2
7840	25
7843	7
7847	2
7848	5
7849	11
7850	5
7852	3
7853	10
7856	4
7857	5
7860	12
7863	3
7865	2
7866	18
7869	11
7871	12
7874	7
7876	6
7882	17
7885	9
7901	8
7920	30
7921	10
7922	9
7924	8
7927	4
7928	23
7930	11
7931	3
7932	9
7933	5
7934	2
7936	5
7940	12
7945	7
7946	3
7950	17
7960	28
7974	10
7980	1
7981	8
8002	16
8003	22
8004	10
8005	13
8006	2
8007	5
8008	49
8009	14
8010	10
8012	22
8015	19
8016	45
8020	8
8021	23
8022	16
8026	4
8027	2
8028	11
8029	5
8030	9
8031	7
8033	21
8034	19
8035	6
8036	4
8037	12
8043	19
8045	2
8046	26
8048	9
8049	3
8050	41
8051	15
8052	13
8053	36
8054	49
8055	29
8056	5
8057	17
8059	7
8060	29
8061	6
8062	19
8063	3
8065	4
8066	6
8067	4
8068	3
8069	15
8070	12
8071	9
8075	20
8077	19
8078	4
8079	13
8080	34
8081	38
8083	4
8084	3
8085	28
8086	10
8087	40
8088	26
8089	2
8090	5
8091	4
8092	4
8093	6
8094	28
8096	31
8097	2
8098	11
8102	5
8103	7
8104	20
8105	17
8106	5
8107	7
8108	14
8109	13
8110	16
8201	6
8202	21
8203	27
8204	30
8205	21
8210	11
8215	4
8221	11
8223	4
8225	6
8226	53
8230	11
8232	6
8234	36
8241	2
8242	10
8243	20
8244	19
8247	10
8251	19
8260	65
8270	11
8302	24
8310	2
8311	3
8312	6
8317	2
8318	6
8319	1
8322	6
8326	2
8328	1
8330	21
8332	21
8341	3
8343	5
8344	2
8345	4
8349	1
8360	18
8361	15
8401	30
8402	22
8403	8
8406	19
8501	4
8502	6
8505	13
8510	4
8512	11
8514	3
8515	4
8518	4
8520	20
8525	8
8527	42
8530	5
8533	5
8534	12
8535	4
8536	10
8540	51
8542	3
8550	19
8551	5
8554	6
8558	7
8559	6
8560	4
8562	1
8609	13
8610	32
8611	24
8618	19
8619	19
8620	14
8628	7
8629	6
8638	13
8648	15
8690	16
8691	20
8701	67
8721	14
8722	9
8723	38
8724	54
8730	4
8731	21
8732	2
8733	1
8734	4
8735	15
8736	15
8738	5
8740	1
8741	1
8742	25
8750	3
8751	21
8752	6
8753	87
8755	26
8757	61
8758	15
8759	38
8801	11
8802	2
8804	2
8805	9
8807	37
8809	6
8810	5
8812	7
8816	23
8817	26
8820	34
8822	21
8823	12
8824	13
8825	3
8826	2
8827	7
8828	3
8829	5
8830	11
8831	54
8833	10
8835	6
8836	4
8837	8
8840	16
8844	40
8846	10
8848	4
8850	8
8852	14
8853	6
8854	39
8857	28
8859	16
8861	24
8863	6
8865	21
8867	3
8869	3
8872	14
8873	30
8876	14
8879	9
8880	3
8882	7
8884	3
8886	5
8887	2
8889	7
8901	12
8902	14
8904	11
