10001	12
10002	21
10003	42
10004	7
10005	11
10007	5
10009	8
10013	24
10025	39
10027	22
10029	7
10030	2
10031	5
10036	13
10280	8
10301	6
10302	7
10303	5
10304	25
10305	13
10306	37
10307	8
10308	10
10309	22
10310	7
10312	37
10314	47
10456	2
10459	1
10462	8
10463	3
10464	2
10465	10
10466	6
10467	1
10469	7
10471	4
10473	6
10502	3
10504	6
10506	5
10507	3
10509	15
10510	10
10512	18
10514	10
10516	2
10518	2
10520	6
10522	3
10523	3
10524	4
10526	1
10528	4
10530	6
10532	4
10533	6
10536	12
10537	4
10538	11
10541	14
10543	8
10546	3
10547	9
10548	3
10549	5
10550	1
10552	5
10553	4
10560	2
10562	12
10566	7
10567	8
10570	9
10573	12
10576	6
10577	5
10579	9
10580	16
10583	23
10588	3
10589	12
10590	4
10591	4
10594	3
10595	3
10598	19
10601	6
10603	5
10604	5
10605	10
10606	5
10607	4
10701	5
10703	1
10704	7
10705	2
10706	4
10707	3
10708	6
10709	3
10710	8
10801	7
10803	6
10804	10
10805	5
10901	10
10913	3
10916	4
10917	2
10918	2
10920	5
10921	3
10923	7
10924	15
10925	4
10926	4
10928	2
10930	4
10940	23
10941	9
10950	38
10954	8
10956	14
10958	3
10960	5
10962	3
10963	5
10964	1
10965	7
10968	2
10970	5
10973	3
10974	1
10980	3
10983	7
10984	2
10986	4
10987	2
10989	6
10990	18
10992	7
10993	2
10994	5
10998	4
11001	7
11003	17
11004	11
11010	9
11020	4
11021	10
11023	8
11024	4
11030	13
11040	29
11050	18
11096	5
11101	15
11103	6
11105	5
11106	22
11201	43
11203	8
11204	13
11205	20
11207	10
11208	3
11209	24
11210	10
11211	12
11212	4
11214	11
11215	32
11216	8
11217	13
11218	17
11220	55
11221	3
11222	7
11224	10
11225	7
11226	8
11228	10
11229	20
11230	13
11231	10
11232	2
11234	24
11235	38
11236	8
11238	27
11249	38
11354	39
11355	17
11356	8
11357	18
11358	14
11360	23
11361	12
11362	10
11363	4
11364	21
11365	13
11366	8
11367	14
11368	14
11369	9
11370	3
11372	21
11373	20
11374	28
11375	40
11377	18
11378	5
11379	11
11385	10
11411	5
11412	15
11413	13
11414	23
11415	5
11416	2
11417	3
11418	10
11419	8
11420	10
11421	10
11422	5
11423	2
11426	8
11427	8
11428	3
11429	9
11432	9
11433	11
11434	10
11435	12
11436	9
11501	6
11507	2
11509	4
11510	21
11514	3
11516	6
11518	6
11520	19
11530	20
11542	15
11545	13
11550	13
11552	11
11553	10
11554	31
11557	5
11558	5
11559	6
11560	6
11561	21
11563	13
11565	8
11566	22
11568	6
11569	2
11570	12
11572	17
11575	9
11576	9
11577	8
11579	4
11580	16
11581	12
11590	18
11596	8
11598	12
11691	5
11692	4
11693	5
11694	12
11701	16
11702	11
11703	9
11704	13
11705	7
11706	19
11709	6
11710	20
11713	6
11714	8
11716	4
11717	25
11718	2
11719	5
11720	16
11721	5
11722	11
11724	2
11725	16
11726	6
11727	16
11729	21
11730	9
11731	21
11732	2
11733	12
11735	21
11738	7
11739	2
11740	3
11741	11
11742	9
11743	37
11746	34
11747	13
11749	1
11751	14
11752	8
11753	3
11754	12
11755	4
11756	36
11757	22
11758	37
11762	14
11763	22
11764	11
11766	7
11767	20
11768	13
11769	10
11771	4
11772	18
11776	12
11777	7
11778	6
11779	23
11780	10
11782	12
11783	15
11784	11
11786	4
11787	16
11788	5
11789	4
11790	9
11791	26
11792	7
11793	20
11795	13
11796	5
11797	8
11798	6
11801	25
11803	22
11804	2
11901	14
11932	5
11933	1
11934	9
11935	7
11937	31
11939	3
11940	1
11941	2
11942	8
11944	7
11946	17
11948	3
11949	6
11950	9
11951	7
11952	4
11953	5
11954	9
11955	4
11957	2
11958	2
11959	3
11960	2
11961	24
11967	12
11971	11
11976	7
11977	5
11980	3
12009	4
12018	7
12019	22
12020	16
12023	1
12025	5
12027	6
12032	2
12033	8
12043	7
12047	10
12053	8
12054	15
12057	1
12059	1
12061	8
12062	1
12065	37
12066	4
12074	4
12076	1
12077	6
12078	12
12084	3
12090	4
12093	6
12094	3
12095	7
12110	17
12116	2
12117	7
12118	22
12121	3
12122	6
12123	7
12134	7
12137	2
12138	1
12140	4
12143	3
12144	15
12148	5
12149	4
12154	2
12157	5
12158	5
12159	5
12168	1
12170	3
12180	22
12182	5
12185	1
12186	3
12188	10
12189	8
12196	3
12197	1
12198	5
12202	1
12203	10
12204	6
12205	27
12206	5
12208	11
12209	4
12210	3
12211	11
12302	26
12303	21
12304	14
12306	14
12308	5
12309	33
12401	27
12404	4
12409	2
12428	4
12429	3
12440	3
12443	4
12446	3
12449	2
12458	1
12461	1
12466	1
12472	1
12477	4
12481	1
12484	5
12486	1
12487	1
12491	3
12498	9
12518	2
12520	3
12525	4
12528	5
12542	6
12543	2
12547	2
12549	5
12550	27
12553	15
12561	8
12563	6
12566	6
12575	4
12577	2
12586	2
12589	7
12729	2
12740	2
12771	8
12780	2
12801	11
12803	10
12804	10
12809	3
12814	6
12815	2
12816	2
12817	5
12822	4
12824	2
12828	3
12831	12
12832	7
12833	3
12834	6
12835	2
12836	1
12839	12
12845	10
12846	5
12850	2
12859	3
12865	2
12866	39
12870	6
12871	3
12883	7
12885	2
12887	3
12901	12
12903	2
12910	2
12912	1
12918	3
12919	1
12920	3
12921	2
12928	3
12932	1
12935	1
12937	3
12941	3
12942	1
12944	4
12946	9
12953	11
12958	2
12962	2
12972	5
12979	3
12981	2
12983	6
12986	3
12992	5
12993	2
12996	2
13021	29
13027	38
13029	9
13030	7
13031	21
13032	7
13033	5
13034	2
13035	11
13036	5
13037	9
13039	17
13040	3
13042	3
13044	2
13045	24
13053	7
13057	13
13060	2
13063	3
13066	13
13068	3
13069	21
13073	5
13074	4
13076	3
13077	8
13078	14
13080	4
13082	7
13083	2
13084	1
13088	17
13092	1
13101	2
13104	20
13108	9
13110	1
13112	3
13114	6
13116	5
13118	5
13120	2
13126	26
13131	1
13132	5
13135	2
13140	4
13142	8
13143	1
13145	2
13148	7
13152	7
13156	1
13159	5
13160	1
13164	5
13165	9
13166	6
13203	6
13204	12
13205	5
13206	12
13207	15
13208	10
13209	11
13210	7
13211	9
13212	22
13214	5
13215	13
13219	14
13224	8
13304	2
13308	2
13309	2
13316	6
13320	2
13323	5
13326	5
13332	2
13338	1
13346	5
13354	4
13363	2
13403	3
13408	2
13409	1
13411	1
13413	22
13417	2
13421	9
13424	3
13425	2
13438	5
13439	3
13440	37
13456	3
13460	1
13461	4
13471	2
13476	2
13478	1
13480	3
13490	1
13491	1
13492	7
13493	3
13495	2
13501	25
13502	20
13601	30
13605	6
13607	4
13612	5
13617	7
13618	3
13619	9
13622	3
13624	3
13634	3
13637	5
13642	5
13646	4
13650	3
13656	2
13658	1
13662	10
13667	2
13668	3
13669	10
13676	4
13679	2
13685	5
13691	2
13730	3
13732	11
13733	8
13734	1
13746	3
13748	2
13760	42
13778	4
13787	1
13790	19
13795	3
13803	5
13811	2
13812	3
13815	8
13820	5
13825	6
13827	10
13830	2
13833	6
13850	34
13862	2
13865	5
13901	17
13903	14
13904	8
13905	16
14001	5
14004	8
14005	2
14006	9
14012	4
14020	18
14025	3
14028	3
14030	2
14036	2
14040	2
14042	1
14048	10
14058	1
14062	4
14065	2
14067	7
14070	4
14080	2
14081	2
14092	8
14094	42
14098	3
14101	2
14103	6
14105	5
14108	4
14120	32
14125	4
14131	7
14132	2
14136	6
14138	1
14141	10
14143	2
14171	4
14172	5
14174	5
14201	6
14212	6
14214	11
14216	10
14218	16
14301	8
14303	7
14304	24
14305	18
14411	11
14414	4
14416	3
14420	10
14422	2
14423	5
14428	9
14435	2
14437	8
14445	7
14450	37
14454	4
14464	8
14467	3
14468	17
14470	3
14472	4
14476	3
14477	4
14481	1
14482	8
14485	2
14487	4
14506	3
14510	2
14514	3
14517	3
14521	6
14525	4
14526	19
14533	1
14534	34
14541	5
14543	4
14546	3
14559	16
14560	5
14572	2
14580	45
14586	11
14605	6
14606	20
14607	5
14608	3
14609	28
14610	15
14611	15
14612	32
14613	14
14615	11
14616	30
14617	30
14618	19
14619	10
14620	11
14621	21
14622	20
14623	9
14624	28
14625	12
14626	20
14701	27
14706	2
14710	8
14712	9
14715	2
14716	1
14718	2
14719	2
14724	5
14727	6
14733	3
14735	2
14737	2
14738	5
14739	2
14741	1
14747	3
14750	6
14755	3
14757	4
14760	14
14770	2
14775	2
14781	1
14782	1
14787	4
14801	3
14806	3
14807	1
14809	7
14812	3
14813	2
14814	5
14817	2
14826	2
14830	22
14840	6
14843	5
14845	17
14850	29
14865	1
14867	4
14870	11
14871	7
14873	3
14879	2
14880	2
14882	2
14883	1
14886	3
14891	4
14892	7
14895	9
14901	14
14903	12
14904	16
14905	15
6001	29
6002	17
6010	38
6013	7
6016	5
6018	3
6019	7
6021	1
6026	6
6027	1
6029	11
6031	1
6032	20
6033	26
6035	2
6037	17
6039	5
6040	15
6042	17
6043	6
6051	8
6052	7
6053	19
6057	9
6058	4
6060	2
6062	19
6063	1
6066	20
6067	20
6068	4
6069	5
6070	13
6071	3
6073	7
6074	17
6076	6
6078	6
6081	1
6082	29
6084	9
6085	8
6088	4
6089	7
6092	3
6093	4
6095	19
6096	11
6098	9
6105	9
6106	6
6107	17
6108	14
6109	18
6110	11
6111	22
6112	4
6114	11
6117	16
6118	31
6119	11
6120	2
6226	9
6231	6
6232	4
6234	6
6235	2
6237	9
6238	13
6239	9
6241	11
6242	4
6247	2
6248	5
6249	7
6250	5
6254	2
6255	5
6256	2
6259	3
6260	11
6268	6
6277	4
6278	2
6279	5
6280	4
6281	12
6282	1
6320	16
6330	1
6331	6
6333	6
6334	3
6335	3
6339	6
6340	22
6351	16
6354	5
6355	8
6357	16
6359	5
6360	21
6365	5
6370	3
6371	13
6374	9
6375	5
6377	9
6378	8
6379	6
6382	10
6384	5
6385	21
6401	12
6403	6
6405	20
6410	11
6412	1
6413	14
6415	9
6416	12
6417	8
6418	7
6419	5
6420	6
6422	6
6423	2
6424	11
6426	10
6437	18
6438	2
6442	6
6443	12
6447	6
6450	28
6451	22
6455	2
6457	28
6460	25
6461	15
6468	17
6469	3
6470	15
6471	4
6472	6
6473	22
6475	23
6477	15
6478	13
6479	13
6480	9
6481	2
6482	9
6483	10
6484	26
6488	28
6489	40
6492	37
6498	4
6511	20
6512	21
6513	15
6514	25
6515	10
6516	34
6517	12
6518	17
6519	4
6524	6
6525	15
6604	12
6605	6
6606	35
6607	2
6608	4
6610	12
6611	25
6612	7
6614	37
6615	16
6704	19
6705	11
6706	12
6708	24
6710	3
6712	11
6716	17
6750	3
6751	3
6752	2
6754	4
6756	5
6757	7
6759	5
6762	10
6763	3
6770	29
6776	18
6777	2
6778	2
6779	8
6782	4
6783	2
6784	5
6786	4
6787	6
6790	21
6791	3
6793	3
6794	4
6795	15
6796	1
6798	7
6801	9
6804	11
6807	6
6810	19
6811	22
6812	7
6820	21
6824	28
6825	20
6830	21
6831	11
6840	22
6850	13
6851	20
6853	6
6854	16
6855	8
6870	4
6877	13
6878	7
6880	26
6883	11
6890	1
6896	11
6897	13
6901	4
6902	37
6903	21
6905	20
6906	6
6907	10
7001	11
7002	17
7003	37
7004	9
7005	11
7006	26
7008	18
7009	17
7010	13
7011	17
7012	10
7013	29
7014	7
7016	9
7017	18
7018	7
7020	14
7021	1
7022	8
7023	8
7024	24
7026	11
7027	2
7028	12
7029	4
7030	78
7031	9
7032	12
7033	5
7034	8
7035	11
7036	23
7039	30
7040	26
7041	8
7042	25
7043	17
7044	16
7045	8
7046	9
7047	27
7050	7
7052	50
7054	12
7055	19
7057	8
7058	4
7059	14
7060	23
7062	7
7063	6
7064	2
7065	20
7066	9
7067	20
7068	8
7069	8
7070	10
7071	16
7072	3
7073	5
7075	7
7076	15
7077	6
7078	12
7079	15
7080	16
7081	11
7082	3
7083	32
7086	13
7087	12
7090	27
7092	8
7093	27
7094	11
7095	10
7102	1
7103	18
7105	19
7106	15
7107	26
7108	11
7109	18
7110	18
7111	26
7112	14
7114	5
7201	17
7202	21
7203	20
7204	8
7205	17
7206	20
7208	16
7302	56
7304	18
7305	37
7306	23
7307	24
7310	5
7401	11
7403	3
7405	19
7407	17
7410	20
7416	3
7417	8
7418	2
7419	12
7420	7
7421	8
7422	3
7423	2
7424	19
7430	16
7432	10
7435	3
7436	8
7438	8
7439	2
7440	4
7442	11
7444	11
7446	16
7450	22
7452	6
7456	11
7457	8
7458	5
7460	7
7461	10
7462	10
7463	9
7465	18
7470	45
7480	14
7481	21
7501	12
7502	9
7503	15
7504	8
7506	13
7508	14
7512	14
7513	11
7514	3
7522	6
7524	8
7601	25
7603	5
7604	12
7605	4
7606	1
7607	10
7621	18
7624	10
7626	5
7627	5
7628	9
7630	2
7631	15
7632	6
7640	2
7641	4
7642	6
7643	5
7644	8
7645	8
7646	5
7647	2
7648	4
7649	3
7650	11
7652	20
7656	11
7657	8
7660	7
7661	6
7662	5
7663	5
7666	19
7670	17
7675	21
7676	13
7677	4
7701	22
7702	3
7704	10
7711	4
7712	31
7716	7
7717	3
7718	3
7719	21
7720	10
7721	3
7722	6
7723	2
7724	21
7726	42
7727	16
7728	50
7730	9
7731	19
7732	5
7733	16
7734	7
7735	14
7737	6
7738	4
7739	9
7740	29
7746	18
7747	30
7748	15
7750	5
7751	20
7753	21
7755	6
7756	5
7757	10
7758	11
7760	10
7762	16
7764	8
7801	16
7803	2
7821	8
7823	5
7825	7
7826	3
7827	3
7828	10
7830	9
7832	4
7834	15
7836	14
7838	4
7840	34
7843	9
7847	3
7848	5
7849	2
7850	4
7852	5
7853	15
7856	6
7857	2
7860	11
7863	2
7865	1
7866	15
7869	18
7871	18
7874	5
7876	4
7882	15
7885	11
7901	23
7920	23
7921	13
7922	10
7924	9
7927	5
7928	23
7930	12
7931	5
7932	7
7933	4
7934	4
7936	4
7940	9
7945	10
7946	3
7950	17
7960	39
7974	12
7980	6
7981	16
8002	17
8003	14
8004	8
8005	28
8006	3
8007	6
8008	37
8009	12
8010	8
8012	26
8015	16
8016	25
8020	4
8021	26
8022	16
8026	2
8027	3
8028	16
8029	5
8030	6
8031	7
8033	22
8034	10
8035	4
8036	11
8037	15
8043	9
8045	2
8046	25
8048	7
8049	2
8050	29
8051	10
8052	15
8053	40
8054	34
8055	23
8056	5
8057	11
8059	3
8060	22
8061	10
8062	7
8063	2
8065	8
8066	7
8067	2
8068	2
8069	9
8070	8
8071	6
8075	15
8077	13
8078	4
8079	6
8080	24
8081	28
8083	8
8084	3
8085	27
8086	5
8087	30
8088	19
8089	3
8090	6
8091	5
8092	3
8093	5
8094	27
8096	26
8097	3
8098	6
8102	5
8103	11
8104	14
8105	12
8106	6
8107	10
8108	10
8109	10
8110	11
8201	10
8202	21
8203	34
8204	38
8205	23
8210	24
8215	11
8221	9
8223	5
8225	6
8226	62
8230	7
8232	13
8234	38
8241	2
8242	10
8243	19
8244	12
8247	13
8251	19
8260	71
8270	10
8302	37
8310	2
8311	3
8312	9
8317	1
8318	10
8319	2
8322	7
8326	1
8328	1
8330	22
8332	25
8341	1
8343	3
8344	4
8345	1
8349	1
8360	14
8361	15
8401	18
8402	14
8403	6
8406	20
8501	3
8502	10
8505	10
8510	9
8512	7
8514	3
8515	6
8518	6
8520	18
8525	5
8527	53
8530	10
8533	6
8534	5
8535	7
8536	9
8540	50
8542	5
8550	15
8551	2
8554	3
8558	6
8559	1
8560	3
8562	3
8609	12
8610	22
8611	30
8618	28
8619	21
8620	8
8628	5
8629	15
8638	11
8648	17
8690	20
8691	26
8701	89
8721	25
8722	6
8723	42
8724	50
8730	7
8731	30
8732	4
8733	2
8734	7
8735	14
8736	21
8738	4
8740	3
8741	3
8742	49
8750	5
8751	11
8752	8
8753	64
8755	28
8757	72
8758	23
8759	49
8801	14
8802	3
8804	3
8805	5
8807	38
8809	5
8810	4
8812	10
8816	42
8817	24
8820	24
8822	34
8823	7
8824	9
8825	6
8826	7
8827	4
8828	2
8829	6
8830	16
8831	85
8833	15
8835	6
8836	7
8837	8
8840	17
8844	32
8846	11
8848	11
8850	9
8852	9
8853	5
8854	27
8857	31
8859	16
8861	23
8863	13
8865	24
8867	2
8869	5
8872	11
8873	52
8876	27
8879	14
8880	6
8882	6
8884	6
8886	10
8887	3
8889	5
8901	20
8902	30
8904	8
