10001	17
10002	26
10003	49
10004	10
10005	11
10007	17
10009	8
10013	29
10025	56
10027	22
10029	18
10030	3
10031	20
10036	14
10280	9
10301	13
10302	4
10303	3
10304	11
10305	16
10306	16
10307	5
10308	8
10309	19
10310	9
10312	24
10314	24
10456	1
10459	3
10462	16
10463	3
10464	2
10465	6
10466	6
10467	3
10469	11
10471	5
10473	5
10502	3
10504	4
10506	4
10507	4
10509	8
10510	3
10512	10
10514	5
10516	2
10518	2
10520	6
10522	5
10523	2
10524	3
10526	3
10528	2
10530	7
10532	5
10533	3
10536	8
10537	2
10538	9
10541	10
10543	7
10546	1
10547	52
10548	1
10549	9
10550	3
10552	8
10553	2
10560	2
10562	14
10566	8
10567	13
10570	8
10573	8
10576	11
10577	3
10579	5
10580	13
10583	25
10588	1
10589	9
10590	9
10591	5
10594	5
10595	2
10598	13
10601	6
10603	5
10604	6
10605	11
10606	3
10607	3
10701	10
10703	2
10704	2
10705	5
10706	4
10707	7
10708	12
10709	6
10710	11
10801	7
10803	9
10804	6
10805	1
10901	7
10913	3
10916	4
10917	1
10918	7
10920	3
10921	5
10923	3
10924	4
10925	1
10926	2
10928	4
10930	4
10940	21
10941	4
10950	47
10954	13
10956	8
10958	1
10960	7
10962	2
10963	3
10964	2
10965	10
10968	3
10970	4
10973	4
10974	3
10980	5
10983	4
10984	2
10986	1
10987	3
10989	4
10990	11
10992	7
10993	6
10994	7
10998	6
11001	8
11003	6
11004	10
11010	11
11020	6
11021	10
11023	9
11024	3
11030	10
11040	24
11050	17
11096	4
11101	18
11103	5
11105	3
11106	14
11201	61
11203	9
11204	13
11205	16
11207	43
11208	6
11209	28
11210	28
11211	15
11212	3
11214	9
11215	41
11216	10
11217	14
11218	12
11220	15
11221	4
11222	10
11224	5
11225	7
11226	8
11228	5
11229	22
11230	19
11231	15
11232	6
11234	20
11235	30
11236	7
11238	26
11249	38
11354	45
11355	42
11356	11
11357	24
11358	14
11360	18
11361	17
11362	14
11363	3
11364	25
11365	13
11366	8
11367	26
11368	8
11369	6
11370	7
11372	26
11373	22
11374	26
11375	63
11377	28
11378	6
11379	9
11385	6
11411	7
11412	11
11413	12
11414	16
11415	8
11416	4
11417	8
11418	5
11419	11
11420	13
11421	7
11422	6
11423	10
11426	8
11427	11
11428	4
11429	10
11432	25
11433	12
11434	24
11435	9
11436	9
11501	9
11507	6
11509	4
11510	15
11514	4
11516	7
11518	6
11520	15
11530	9
11542	12
11545	8
11550	15
11552	11
11553	8
11554	18
11557	4
11558	2
11559	6
11560	9
11561	19
11563	9
11565	8
11566	23
11568	3
11569	3
11570	14
11572	18
11575	9
11576	8
11577	13
11579	3
11580	22
11581	17
11590	25
11596	7
11598	5
11691	7
11692	4
11693	6
11694	5
11701	10
11702	5
11703	8
11704	18
11705	4
11706	21
11709	4
11710	17
11713	6
11714	7
11716	9
11717	31
11718	2
11719	4
11720	14
11721	2
11722	9
11724	1
11725	13
11726	6
11727	22
11729	10
11730	5
11731	14
11732	2
11733	5
11735	14
11738	6
11739	2
11740	6
11741	6
11742	7
11743	34
11746	23
11747	17
11749	1
11751	10
11752	7
11753	8
11754	5
11755	9
11756	15
11757	11
11758	40
11762	12
11763	10
11764	6
11766	4
11767	4
11768	16
11769	5
11771	3
11772	25
11776	13
11777	5
11778	9
11779	10
11780	6
11782	6
11783	6
11784	13
11786	4
11787	16
11788	6
11789	5
11790	11
11791	11
11792	7
11793	12
11795	14
11796	2
11797	6
11798	5
11801	19
11803	17
11804	2
11901	15
11932	6
11933	5
11934	1
11935	7
11937	41
11939	2
11940	3
11941	2
11942	6
11944	7
11946	11
11948	3
11949	4
11950	6
11951	6
11952	3
11953	6
11954	13
11955	3
11957	2
11958	1
11959	2
11960	1
11961	14
11967	19
11971	4
11976	8
11977	3
11980	3
12009	4
12018	5
12019	14
12020	30
12023	3
12025	4
12027	3
12032	1
12033	8
12043	4
12047	10
12053	5
12054	13
12057	2
12059	2
12061	10
12062	1
12065	26
12066	3
12074	3
12076	1
12077	3
12078	8
12084	2
12090	1
12093	3
12094	1
12095	9
12110	18
12116	4
12117	3
12118	11
12121	1
12122	2
12123	2
12134	5
12137	3
12138	2
12140	1
12143	3
12144	15
12148	2
12149	1
12154	1
12157	8
12158	5
12159	7
12168	2
12170	2
12180	22
12182	7
12185	2
12186	6
12188	9
12189	12
12196	2
12197	2
12198	14
12202	2
12203	16
12204	3
12205	12
12206	2
12208	7
12209	8
12210	8
12211	10
12302	24
12303	24
12304	8
12306	23
12308	7
12309	26
12401	15
12404	3
12409	2
12428	4
12429	2
12440	1
12443	2
12446	5
12449	3
12458	2
12461	2
12466	2
12472	1
12477	9
12481	1
12484	3
12486	1
12487	1
12491	1
12498	10
12518	3
12520	2
12525	3
12528	6
12542	4
12543	2
12547	2
12549	7
12550	21
12553	12
12561	10
12563	4
12566	7
12575	2
12577	4
12586	10
12589	5
12729	1
12740	2
12771	5
12780	1
12801	11
12803	4
12804	17
12809	3
12814	3
12815	2
12816	2
12817	2
12822	4
12824	2
12828	8
12831	17
12832	6
12833	3
12834	6
12835	4
12836	1
12839	7
12845	7
12846	4
12850	1
12859	1
12865	3
12866	40
12870	1
12871	3
12883	1
12885	1
12887	5
12901	12
12903	3
12910	2
12912	2
12918	1
12919	1
12920	1
12921	1
12928	1
12932	1
12935	1
12937	3
12941	2
12942	2
12944	1
12946	7
12953	7
12958	1
12962	4
12972	6
12979	3
12981	1
12983	8
12986	5
12992	2
12993	2
12996	1
13021	17
13027	24
13029	5
13030	7
13031	13
13032	7
13033	4
13034	1
13035	9
13036	3
13037	11
13039	15
13040	3
13042	1
13044	3
13045	20
13053	2
13057	11
13060	3
13063	2
13066	10
13068	4
13069	10
13073	4
13074	2
13076	2
13077	4
13078	9
13080	2
13082	3
13083	1
13084	4
13088	16
13092	2
13101	6
13104	14
13108	3
13110	1
13112	1
13114	5
13116	8
13118	1
13120	1
13126	20
13131	2
13132	4
13135	5
13140	2
13142	4
13143	1
13145	2
13148	9
13152	8
13156	4
13159	4
13160	2
13164	6
13165	11
13166	6
13203	7
13204	7
13205	11
13206	13
13207	13
13208	9
13209	7
13210	6
13211	12
13212	18
13214	9
13215	4
13219	25
13224	9
13304	2
13308	2
13309	3
13316	3
13320	2
13323	7
13326	4
13332	1
13338	2
13346	7
13354	1
13363	1
13403	3
13408	3
13409	1
13411	3
13413	13
13417	3
13421	5
13424	3
13425	1
13438	4
13439	4
13440	22
13456	4
13460	3
13461	1
13471	3
13476	2
13478	3
13480	3
13490	3
13491	1
13492	12
13493	1
13495	1
13501	21
13502	13
13601	25
13605	4
13607	2
13612	3
13617	4
13618	5
13619	7
13622	2
13624	3
13634	2
13637	4
13642	2
13646	2
13650	2
13656	2
13658	2
13662	12
13667	1
13668	2
13669	11
13676	4
13679	1
13685	2
13691	3
13730	2
13732	11
13733	1
13734	3
13746	1
13748	2
13760	22
13778	1
13787	1
13790	9
13795	2
13803	1
13811	3
13812	3
13815	7
13820	7
13825	2
13827	5
13830	2
13833	2
13850	18
13862	2
13865	3
13901	8
13903	14
13904	5
13905	10
14001	9
14004	12
14005	1
14006	7
14012	1
14020	7
14025	1
14028	1
14030	2
14036	4
14040	1
14042	2
14048	14
14058	1
14062	1
14065	1
14067	4
14070	2
14080	4
14081	2
14092	8
14094	33
14098	4
14101	1
14103	8
14105	2
14108	6
14120	32
14125	3
14131	5
14132	7
14136	4
14138	1
14141	5
14143	4
14171	3
14172	3
14174	7
14201	2
14212	6
14214	6
14216	17
14218	13
14301	12
14303	6
14304	20
14305	24
14411	5
14414	7
14416	3
14420	12
14422	1
14423	3
14428	5
14435	2
14437	9
14445	14
14450	45
14454	5
14464	7
14467	7
14468	15
14470	3
14472	3
14476	1
14477	1
14481	2
14482	5
14485	2
14487	3
14506	3
14510	2
14514	4
14517	3
14521	3
14525	1
14526	19
14533	3
14534	31
14541	2
14543	4
14546	1
14559	11
14560	1
14572	4
14580	39
14586	22
14605	4
14606	19
14607	5
14608	3
14609	43
14610	14
14611	13
14612	23
14613	8
14615	11
14616	22
14617	20
14618	18
14619	12
14620	17
14621	42
14622	15
14623	11
14624	35
14625	10
14626	16
14701	32
14706	2
14710	4
14712	7
14715	3
14716	3
14718	3
14719	1
14724	2
14727	6
14733	2
14735	1
14737	4
14738	1
14739	1
14741	1
14747	1
14750	7
14755	3
14757	1
14760	7
14770	1
14775	2
14781	2
14782	2
14787	3
14801	5
14806	1
14807	2
14809	4
14812	2
14813	1
14814	2
14817	1
14826	2
14830	14
14840	3
14843	11
14845	12
14850	23
14865	4
14867	3
14870	8
14871	6
14873	1
14879	2
14880	2
14882	4
14883	2
14886	2
14891	2
14892	7
14895	7
14901	23
14903	8
14904	20
14905	13
6001	26
6002	22
6010	49
6013	6
6016	8
6018	5
6019	10
6021	1
6026	7
6027	4
6029	13
6031	2
6032	27
6033	34
6035	15
6037	22
6039	1
6040	25
6042	13
6043	2
6051	6
6052	3
6053	14
6057	6
6058	4
6060	1
6062	8
6063	4
6066	19
6067	28
6068	4
6069	5
6070	12
6071	11
6073	6
6074	22
6076	14
6078	10
6081	2
6082	46
6084	16
6085	9
6088	8
6089	5
6092	4
6093	2
6095	20
6096	10
6098	7
6105	6
6106	9
6107	31
6108	9
6109	30
6110	13
6111	20
6112	4
6114	12
6117	24
6118	28
6119	19
6120	2
6226	3
6231	3
6232	3
6234	7
6235	4
6237	2
6238	19
6239	9
6241	9
6242	2
6247	4
6248	6
6249	9
6250	5
6254	2
6255	6
6256	3
6259	3
6260	8
6268	5
6277	5
6278	3
6279	4
6280	4
6281	9
6282	1
6320	10
6330	2
6331	4
6333	12
6334	3
6335	8
6339	8
6340	25
6351	13
6354	3
6355	10
6357	14
6359	1
6360	16
6365	3
6370	9
6371	18
6374	12
6375	4
6377	3
6378	13
6379	8
6382	8
6384	1
6385	18
6401	12
6403	2
6405	25
6410	26
6412	5
6413	15
6415	20
6416	13
6417	4
6418	11
6419	2
6420	6
6422	5
6423	9
6424	13
6426	8
6437	24
6438	3
6442	3
6443	18
6447	9
6450	33
6451	18
6455	3
6457	27
6460	29
6461	12
6468	17
6469	3
6470	13
6471	8
6472	6
6473	10
6475	19
6477	16
6478	15
6479	8
6480	10
6481	1
6482	13
6483	13
6484	23
6488	13
6489	36
6492	32
6498	5
6511	10
6512	24
6513	14
6514	17
6515	12
6516	29
6517	9
6518	14
6519	4
6524	3
6525	11
6604	10
6605	12
6606	34
6607	3
6608	1
6610	9
6611	32
6612	12
6614	31
6615	18
6704	11
6705	24
6706	8
6708	10
6710	5
6712	13
6716	20
6750	4
6751	3
6752	2
6754	3
6756	1
6757	2
6759	6
6762	9
6763	3
6770	27
6776	23
6777	4
6778	1
6779	8
6782	1
6783	3
6784	5
6786	5
6787	5
6790	31
6791	4
6793	5
6794	1
6795	6
6796	1
6798	4
6801	11
6804	21
6807	3
6810	26
6811	23
6812	10
6820	22
6824	31
6825	15
6830	20
6831	14
6840	25
6850	14
6851	21
6853	6
6854	13
6855	5
6870	6
6877	23
6878	10
6880	29
6883	8
6890	5
6896	6
6897	13
6901	5
6902	42
6903	14
6905	15
6906	5
6907	7
7001	5
7002	22
7003	26
7004	6
7005	9
7006	20
7008	16
7009	11
7010	20
7011	18
7012	6
7013	20
7014	4
7016	9
7017	21
7018	13
7020	12
7021	2
7022	3
7023	10
7024	23
7026	17
7027	2
7028	5
7029	4
7030	77
7031	9
7032	16
7033	5
7034	8
7035	6
7036	35
7039	17
7040	28
7041	6
7042	17
7043	7
7044	16
7045	10
7046	5
7047	16
7050	5
7052	31
7054	11
7055	15
7057	2
7058	3
7059	12
7060	19
7062	8
7063	6
7064	5
7065	21
7066	14
7067	12
7068	6
7069	4
7070	14
7071	11
7072	1
7073	4
7075	6
7076	21
7077	2
7078	13
7079	11
7080	14
7081	10
7082	2
7083	32
7086	6
7087	15
7090	27
7092	6
7093	16
7094	11
7095	15
7102	1
7103	13
7105	15
7106	9
7107	17
7108	14
7109	24
7110	14
7111	20
7112	13
7114	8
7201	13
7202	17
7203	12
7204	10
7205	11
7206	28
7208	11
7302	66
7304	13
7305	36
7306	19
7307	19
7310	2
7401	7
7403	4
7405	8
7407	5
7410	21
7416	2
7417	9
7418	2
7419	14
7420	5
7421	10
7422	1
7423	4
7424	20
7430	26
7432	5
7435	3
7436	9
7438	10
7439	2
7440	6
7442	9
7444	14
7446	21
7450	26
7452	7
7456	7
7457	16
7458	12
7460	1
7461	15
7462	14
7463	9
7465	8
7470	20
7480	23
7481	13
7501	12
7502	8
7503	7
7504	5
7506	12
7508	15
7512	6
7513	4
7514	5
7522	13
7524	4
7601	17
7603	7
7604	4
7605	6
7606	1
7607	8
7621	12
7624	4
7626	7
7627	3
7628	11
7630	7
7631	16
7632	3
7640	3
7641	3
7642	12
7643	5
7644	10
7645	9
7646	8
7647	4
7648	3
7649	3
7650	4
7652	18
7656	4
7657	6
7660	7
7661	8
7662	3
7663	10
7666	18
7670	12
7675	8
7676	4
7677	4
7701	13
7702	5
7704	15
7711	2
7712	34
7716	4
7717	2
7718	6
7719	16
7720	7
7721	2
7722	8
7723	2
7724	11
7726	43
7727	7
7728	40
7730	11
7731	30
7732	9
7733	10
7734	7
7735	9
7737	7
7738	3
7739	6
7740	23
7746	12
7747	26
7748	23
7750	13
7751	13
7753	21
7755	4
7756	8
7757	8
7758	3
7760	15
7762	12
7764	8
7801	9
7803	6
7821	6
7823	6
7825	6
7826	4
7827	4
7828	14
7830	4
7832	3
7834	18
7836	7
7838	5
7840	14
7843	8
7847	1
7848	4
7849	8
7850	3
7852	5
7853	8
7856	8
7857	4
7860	22
7863	5
7865	1
7866	15
7869	12
7871	19
7874	4
7876	12
7882	15
7885	9
7901	24
7920	37
7921	17
7922	10
7924	6
7927	2
7928	16
7930	10
7931	3
7932	5
7933	4
7934	3
7936	14
7940	11
7945	6
7946	4
7950	14
7960	29
7974	5
7980	1
7981	10
8002	18
8003	24
8004	6
8005	22
8006	1
8007	5
8008	54
8009	8
8010	5
8012	22
8015	6
8016	15
8020	4
8021	20
8022	6
8026	3
8027	2
8028	14
8029	2
8030	11
8031	5
8033	18
8034	13
8035	11
8036	2
8037	20
8043	23
8045	2
8046	15
8048	9
8049	5
8050	24
8051	10
8052	8
8053	27
8054	34
8055	17
8056	2
8057	7
8059	9
8060	10
8061	7
8062	13
8063	3
8065	4
8066	6
8067	1
8068	5
8069	12
8070	12
8071	13
8075	21
8077	18
8078	7
8079	10
8080	29
8081	38
8083	10
8084	2
8085	21
8086	9
8087	31
8088	19
8089	1
8090	3
8091	5
8092	2
8093	2
8094	25
8096	29
8097	3
8098	11
8102	4
8103	9
8104	16
8105	12
8106	11
8107	9
8108	16
8109	11
8110	9
8201	6
8202	21
8203	33
8204	19
8205	31
8210	17
8215	13
8221	12
8223	5
8225	6
8226	65
8230	7
8232	21
8234	49
8241	1
8242	4
8243	21
8244	14
8247	10
8251	12
8260	69
8270	5
8302	24
8310	1
8311	1
8312	5
8317	1
8318	7
8319	2
8322	7
8326	3
8328	2
8330	36
8332	25
8341	1
8343	1
8344	5
8345	1
8349	2
8360	22
8361	17
8401	27
8402	45
8403	6
8406	23
8501	4
8502	10
8505	8
8510	5
8512	5
8514	3
8515	4
8518	3
8520	15
8525	5
8527	26
8530	8
8533	5
8534	9
8535	8
8536	13
8540	38
8542	5
8550	18
8551	3
8554	1
8558	6
8559	7
8560	2
8562	4
8609	15
8610	22
8611	29
8618	43
8619	16
8620	8
8628	7
8629	10
8638	20
8648	18
8690	25
8691	9
8701	82
8721	18
8722	7
8723	20
8724	53
8730	4
8731	19
8732	1
8733	1
8734	7
8735	19
8736	22
8738	8
8740	5
8741	2
8742	31
8750	6
8751	15
8752	12
8753	53
8755	22
8757	50
8758	11
8759	35
8801	6
8802	2
8804	3
8805	6
8807	26
8809	1
8810	6
8812	14
8816	31
8817	28
8820	28
8822	27
8823	6
8824	9
8825	2
8826	5
8827	2
8828	3
8829	5
8830	13
8831	76
8833	6
8835	7
8836	5
8837	12
8840	11
8844	30
8846	9
8848	6
8850	7
8852	17
8853	1
8854	64
8857	36
8859	13
8861	16
8863	8
8865	30
8867	4
8869	3
8872	13
8873	37
8876	17
8879	17
8880	7
8882	8
8884	4
8886	6
8887	3
8889	6
8901	15
8902	29
8904	11
