10001	11
10002	34
10003	46
10004	4
10005	9
10007	12
10009	5
10013	48
10025	49
10027	13
10029	14
10030	3
10031	23
10036	15
10280	17
10301	17
10302	6
10303	13
10304	18
10305	18
10306	18
10307	5
10308	9
10309	18
10310	7
10312	32
10314	35
10456	4
10459	1
10462	14
10463	22
10464	3
10465	18
10466	7
10467	3
10469	4
10471	12
10473	14
10502	3
10504	1
10506	4
10507	2
10509	14
10510	5
10512	14
10514	13
10516	4
10518	1
10520	6
10522	3
10523	2
10524	3
10526	2
10528	3
10530	2
10532	3
10533	1
10536	10
10537	1
10538	7
10541	5
10543	3
10546	1
10547	3
10548	1
10549	8
10550	3
10552	4
10553	4
10560	3
10562	4
10566	12
10567	8
10570	3
10573	6
10576	4
10577	4
10579	4
10580	8
10583	21
10588	2
10589	6
10590	4
10591	5
10594	2
10595	3
10598	17
10601	1
10603	6
10604	4
10605	13
10606	6
10607	3
10701	5
10703	4
10704	5
10705	3
10706	2
10707	5
10708	8
10709	4
10710	10
10801	7
10803	5
10804	9
10805	3
10901	10
10913	4
10916	4
10917	2
10918	7
10920	5
10921	2
10923	3
10924	7
10925	6
10926	6
10928	6
10930	4
10940	29
10941	5
10950	64
10954	10
10956	10
10958	3
10960	8
10962	4
10963	2
10964	3
10965	9
10968	2
10970	5
10973	2
10974	1
10980	11
10983	3
10984	2
10986	1
10987	6
10989	13
10990	9
10992	2
10993	3
10994	4
10998	3
11001	16
11003	18
11004	6
11010	7
11020	5
11021	10
11023	8
11024	7
11030	18
11040	26
11050	22
11096	2
11101	17
11103	7
11105	3
11106	21
11201	81
11203	3
11204	8
11205	23
11207	3
11208	2
11209	25
11210	16
11211	11
11212	2
11214	18
11215	32
11216	2
11217	19
11218	24
11220	15
11221	4
11222	10
11224	5
11225	9
11226	13
11228	8
11229	25
11230	30
11231	15
11232	7
11234	26
11235	37
11236	8
11238	26
11249	13
11354	34
11355	25
11356	12
11357	21
11358	12
11360	14
11361	11
11362	11
11363	3
11364	28
11365	28
11366	9
11367	20
11368	6
11369	5
11370	10
11372	15
11373	12
11374	16
11375	38
11377	13
11378	8
11379	7
11385	7
11411	7
11412	14
11413	19
11414	9
11415	9
11416	1
11417	6
11418	8
11419	5
11420	7
11421	9
11422	7
11423	12
11426	13
11427	13
11428	4
11429	9
11432	5
11433	10
11434	12
11435	15
11436	9
11501	5
11507	3
11509	4
11510	21
11514	5
11516	5
11518	5
11520	13
11530	17
11542	11
11545	9
11550	12
11552	22
11553	9
11554	30
11557	8
11558	5
11559	5
11560	5
11561	18
11563	11
11565	8
11566	19
11568	7
11569	1
11570	9
11572	17
11575	4
11576	15
11577	12
11579	9
11580	24
11581	9
11590	24
11596	9
11598	10
11691	5
11692	2
11693	2
11694	4
11701	15
11702	9
11703	10
11704	20
11705	4
11706	24
11709	3
11710	21
11713	5
11714	11
11716	7
11717	21
11718	2
11719	2
11720	8
11721	4
11722	17
11724	1
11725	16
11726	10
11727	18
11729	9
11730	6
11731	12
11732	1
11733	8
11735	8
11738	6
11739	3
11740	5
11741	12
11742	14
11743	24
11746	36
11747	14
11749	3
11751	13
11752	4
11753	15
11754	6
11755	4
11756	27
11757	14
11758	38
11762	8
11763	15
11764	4
11766	6
11767	15
11768	12
11769	5
11771	7
11772	24
11776	13
11777	6
11778	15
11779	14
11780	13
11782	13
11783	10
11784	7
11786	2
11787	21
11788	10
11789	6
11790	8
11791	19
11792	5
11793	22
11795	11
11796	1
11797	6
11798	10
11801	22
11803	21
11804	4
11901	8
11932	3
11933	6
11934	5
11935	3
11937	29
11939	1
11940	4
11941	1
11942	9
11944	3
11946	12
11948	5
11949	10
11950	8
11951	8
11952	4
11953	9
11954	10
11955	5
11957	3
11958	2
11959	4
11960	1
11961	16
11967	16
11971	5
11976	11
11977	2
11980	3
12009	6
12018	3
12019	12
12020	24
12023	2
12025	1
12027	4
12032	1
12033	6
12043	5
12047	6
12053	5
12054	11
12057	3
12059	1
12061	6
12062	3
12065	24
12066	2
12074	3
12076	1
12077	3
12078	10
12084	1
12090	3
12093	1
12094	1
12095	8
12110	19
12116	4
12117	2
12118	15
12121	1
12122	3
12123	4
12134	2
12137	1
12138	3
12140	4
12143	5
12144	17
12148	1
12149	1
12154	2
12157	3
12158	3
12159	13
12168	1
12170	2
12180	24
12182	8
12185	3
12186	8
12188	6
12189	4
12196	2
12197	1
12198	10
12202	1
12203	23
12204	4
12205	16
12206	3
12208	17
12209	6
12210	2
12211	15
12302	21
12303	25
12304	13
12306	19
12308	7
12309	21
12401	16
12404	2
12409	5
12428	7
12429	2
12440	4
12443	4
12446	4
12449	6
12458	1
12461	1
12466	1
12472	1
12477	11
12481	3
12484	2
12486	1
12487	3
12491	1
12498	9
12518	3
12520	2
12525	3
12528	8
12542	6
12543	2
12547	3
12549	3
12550	27
12553	12
12561	9
12563	6
12566	9
12575	4
12577	2
12586	8
12589	6
12729	2
12740	2
12771	6
12780	1
12801	5
12803	7
12804	18
12809	2
12814	1
12815	2
12816	5
12817	1
12822	6
12824	2
12828	7
12831	11
12832	4
12833	4
12834	3
12835	5
12836	1
12839	3
12845	6
12846	6
12850	2
12859	3
12865	1
12866	30
12870	3
12871	7
12883	4
12885	3
12887	3
12901	18
12903	4
12910	3
12912	1
12918	1
12919	1
12920	1
12921	2
12928	2
12932	3
12935	1
12937	4
12941	2
12942	3
12944	1
12946	7
12953	2
12958	2
12962	3
12972	5
12979	3
12981	2
12983	4
12986	3
12992	2
12993	5
12996	2
13021	21
13027	22
13029	5
13030	3
13031	15
13032	6
13033	2
13034	1
13035	6
13036	4
13037	5
13039	19
13040	2
13042	3
13044	1
13045	9
13053	6
13057	10
13060	1
13063	1
13066	16
13068	1
13069	18
13073	2
13074	1
13076	1
13077	7
13078	8
13080	5
13082	3
13083	2
13084	4
13088	11
13092	4
13101	1
13104	19
13108	2
13110	1
13112	1
13114	5
13116	6
13118	2
13120	1
13126	23
13131	2
13132	3
13135	6
13140	2
13142	3
13143	2
13145	3
13148	13
13152	10
13156	4
13159	6
13160	2
13164	5
13165	7
13166	3
13203	5
13204	9
13205	9
13206	10
13207	12
13208	13
13209	9
13210	6
13211	7
13212	10
13214	7
13215	8
13219	16
13224	7
13304	2
13308	4
13309	2
13316	4
13320	1
13323	7
13326	7
13332	2
13338	1
13346	4
13354	3
13363	1
13403	6
13408	1
13409	1
13411	1
13413	8
13417	3
13421	6
13424	3
13425	1
13438	2
13439	2
13440	28
13456	3
13460	3
13461	5
13471	1
13476	2
13478	2
13480	2
13490	1
13491	2
13492	9
13493	3
13495	1
13501	14
13502	15
13601	40
13605	3
13607	1
13612	3
13617	6
13618	2
13619	6
13622	3
13624	3
13634	2
13637	4
13642	5
13646	1
13650	1
13656	2
13658	1
13662	9
13667	3
13668	2
13669	17
13676	6
13679	1
13685	3
13691	2
13730	2
13732	9
13733	3
13734	2
13746	1
13748	2
13760	22
13778	5
13787	1
13790	7
13795	4
13803	4
13811	3
13812	1
13815	7
13820	7
13825	2
13827	5
13830	4
13833	2
13850	9
13862	2
13865	1
13901	8
13903	12
13904	5
13905	11
14001	3
14004	8
14005	3
14006	8
14012	3
14020	18
14025	4
14028	2
14030	4
14036	2
14040	2
14042	3
14048	10
14058	3
14062	2
14065	1
14067	3
14070	5
14080	1
14081	2
14092	5
14094	30
14098	2
14101	1
14103	9
14105	1
14108	3
14120	24
14125	1
14131	2
14132	5
14136	5
14138	3
14141	5
14143	3
14171	2
14172	3
14174	7
14201	2
14212	11
14214	13
14216	10
14218	6
14301	9
14303	8
14304	23
14305	19
14411	10
14414	7
14416	3
14420	5
14422	6
14423	4
14428	5
14435	3
14437	2
14445	11
14450	42
14454	7
14464	4
14467	5
14468	12
14470	7
14472	9
14476	1
14477	4
14481	1
14482	4
14485	3
14487	5
14506	3
14510	5
14514	7
14517	3
14521	3
14525	3
14526	16
14533	1
14534	30
14541	5
14543	3
14546	2
14559	18
14560	3
14572	8
14580	41
14586	15
14605	5
14606	20
14607	2
14608	11
14609	30
14610	14
14611	10
14612	34
14613	8
14615	9
14616	31
14617	23
14618	22
14619	8
14620	11
14621	11
14622	14
14623	12
14624	35
14625	13
14626	25
14701	23
14706	4
14710	3
14712	4
14715	2
14716	2
14718	2
14719	2
14724	2
14727	1
14733	5
14735	1
14737	3
14738	3
14739	2
14741	3
14747	2
14750	7
14755	4
14757	4
14760	8
14770	1
14775	1
14781	1
14782	2
14787	2
14801	3
14806	2
14807	2
14809	3
14812	1
14813	1
14814	1
14817	1
14826	1
14830	12
14840	7
14843	7
14845	15
14850	16
14865	1
14867	2
14870	6
14871	3
14873	3
14879	1
14880	1
14882	4
14883	3
14886	1
14891	3
14892	4
14895	10
14901	10
14903	6
14904	8
14905	12
6001	24
6002	19
6010	53
6013	7
6016	6
6018	1
6019	7
6021	1
6026	6
6027	1
6029	13
6031	1
6032	22
6033	22
6035	7
6037	13
6039	2
6040	22
6042	14
6043	3
6051	6
6052	10
6053	25
6057	2
6058	2
6060	3
6062	10
6063	2
6066	21
6067	20
6068	1
6069	4
6070	9
6071	8
6073	6
6074	15
6076	10
6078	9
6081	2
6082	38
6084	10
6085	8
6088	7
6089	2
6092	6
6093	2
6095	24
6096	12
6098	5
6105	8
6106	12
6107	18
6108	10
6109	25
6110	9
6111	28
6112	7
6114	5
6117	13
6118	18
6119	10
6120	2
6226	8
6231	5
6232	8
6234	8
6235	3
6237	8
6238	9
6239	8
6241	6
6242	1
6247	1
6248	4
6249	10
6250	7
6254	1
6255	1
6256	2
6259	6
6260	11
6268	8
6277	4
6278	7
6279	4
6280	2
6281	9
6282	1
6320	10
6330	3
6331	3
6333	8
6334	4
6335	6
6339	11
6340	12
6351	9
6354	7
6355	10
6357	5
6359	2
6360	21
6365	5
6370	11
6371	10
6374	5
6375	4
6377	3
6378	10
6379	8
6382	8
6384	4
6385	9
6401	8
6403	5
6405	27
6410	25
6412	2
6413	7
6415	16
6416	15
6417	4
6418	3
6419	6
6420	4
6422	8
6423	4
6424	10
6426	5
6437	15
6438	4
6442	2
6443	19
6447	7
6450	26
6451	14
6455	3
6457	31
6460	24
6461	18
6468	12
6469	2
6470	10
6471	7
6472	2
6473	14
6475	8
6477	13
6478	10
6479	12
6480	6
6481	3
6482	15
6483	18
6484	19
6488	25
6489	36
6492	39
6498	2
6511	14
6512	33
6513	22
6514	20
6515	11
6516	23
6517	10
6518	11
6519	3
6524	4
6525	5
6604	13
6605	2
6606	36
6607	2
6608	2
6610	12
6611	29
6612	3
6614	49
6615	12
6704	13
6705	19
6706	7
6708	25
6710	3
6712	5
6716	12
6750	1
6751	1
6752	1
6754	2
6756	6
6757	2
6759	8
6762	6
6763	2
6770	25
6776	20
6777	1
6778	1
6779	7
6782	3
6783	1
6784	5
6786	5
6787	10
6790	31
6791	7
6793	4
6794	2
6795	9
6796	1
6798	4
6801	14
6804	16
6807	8
6810	30
6811	25
6812	14
6820	16
6824	41
6825	13
6830	24
6831	10
6840	17
6850	15
6851	23
6853	9
6854	21
6855	5
6870	11
6877	33
6878	7
6880	38
6883	5
6890	8
6896	9
6897	17
6901	10
6902	33
6903	15
6905	10
6906	6
6907	10
7001	11
7002	20
7003	20
7004	4
7005	10
7006	17
7008	17
7009	4
7010	26
7011	19
7012	5
7013	33
7014	7
7016	12
7017	8
7018	5
7020	20
7021	4
7022	5
7023	5
7024	27
7026	16
7027	6
7028	11
7029	7
7030	72
7031	5
7032	9
7033	7
7034	19
7035	9
7036	27
7039	18
7040	20
7041	7
7042	13
7043	7
7044	10
7045	9
7046	4
7047	24
7050	7
7052	19
7054	13
7055	18
7057	9
7058	1
7059	12
7060	21
7062	16
7063	6
7064	4
7065	18
7066	13
7067	16
7068	4
7069	6
7070	15
7071	12
7072	5
7073	7
7075	4
7076	10
7077	2
7078	8
7079	12
7080	14
7081	12
7082	7
7083	24
7086	4
7087	32
7090	16
7092	8
7093	23
7094	12
7095	9
7102	3
7103	10
7105	10
7106	7
7107	13
7108	4
7109	10
7110	27
7111	12
7112	10
7114	2
7201	14
7202	21
7203	21
7204	11
7205	12
7206	16
7208	17
7302	90
7304	27
7305	27
7306	29
7307	18
7310	19
7401	10
7403	5
7405	11
7407	16
7410	22
7416	6
7417	7
7418	3
7419	12
7420	4
7421	8
7422	5
7423	5
7424	13
7430	33
7432	4
7435	4
7436	11
7438	10
7439	1
7440	4
7442	10
7444	11
7446	19
7450	16
7452	15
7456	12
7457	8
7458	19
7460	4
7461	16
7462	7
7463	5
7465	6
7470	47
7480	17
7481	18
7501	22
7502	10
7503	8
7504	11
7506	12
7508	15
7512	10
7513	1
7514	9
7522	16
7524	5
7601	24
7603	5
7604	10
7605	7
7606	3
7607	7
7621	20
7624	10
7626	7
7627	8
7628	14
7630	4
7631	18
7632	6
7640	6
7641	3
7642	9
7643	5
7644	20
7645	7
7646	12
7647	7
7648	7
7649	9
7650	15
7652	20
7656	2
7657	6
7660	7
7661	9
7662	3
7663	11
7666	26
7670	15
7675	28
7676	11
7677	7
7701	21
7702	5
7704	6
7711	3
7712	33
7716	4
7717	2
7718	4
7719	20
7720	2
7721	3
7722	8
7723	3
7724	12
7726	31
7727	2
7728	45
7730	8
7731	29
7732	5
7733	11
7734	11
7735	9
7737	2
7738	6
7739	6
7740	19
7746	22
7747	26
7748	28
7750	5
7751	13
7753	26
7755	4
7756	7
7757	4
7758	3
7760	10
7762	14
7764	8
7801	18
7803	8
7821	6
7823	7
7825	7
7826	7
7827	2
7828	8
7830	9
7832	5
7834	15
7836	8
7838	5
7840	29
7843	8
7847	5
7848	5
7849	7
7850	2
7852	2
7853	10
7856	4
7857	3
7860	13
7863	4
7865	1
7866	11
7869	21
7871	21
7874	5
7876	7
7882	9
7885	10
7901	19
7920	27
7921	11
7922	15
7924	9
7927	9
7928	26
7930	10
7931	4
7932	9
7933	4
7934	3
7936	4
7940	8
7945	8
7946	4
7950	22
7960	35
7974	12
7980	3
7981	5
8002	15
8003	19
8004	6
8005	26
8006	1
8007	6
8008	22
8009	15
8010	16
8012	19
8015	12
8016	26
8020	5
8021	18
8022	6
8026	2
8027	3
8028	8
8029	3
8030	14
8031	5
8033	15
8034	15
8035	4
8036	6
8037	15
8043	16
8045	1
8046	37
8048	11
8049	7
8050	29
8051	10
8052	15
8053	41
8054	55
8055	18
8056	5
8057	25
8059	4
8060	26
8061	2
8062	13
8063	5
8065	9
8066	3
8067	3
8068	8
8069	13
8070	6
8071	7
8075	17
8077	31
8078	7
8079	10
8080	35
8081	32
8083	9
8084	6
8085	16
8086	6
8087	32
8088	32
8089	2
8090	9
8091	8
8092	4
8093	12
8094	24
8096	30
8097	1
8098	5
8102	4
8103	19
8104	11
8105	17
8106	3
8107	8
8108	13
8109	11
8110	8
8201	8
8202	7
8203	10
8204	30
8205	25
8210	9
8215	5
8221	4
8223	6
8225	10
8226	40
8230	4
8232	15
8234	29
8241	1
8242	4
8243	21
8244	7
8247	9
8251	11
8260	43
8270	8
8302	28
8310	2
8311	2
8312	3
8317	2
8318	3
8319	1
8322	6
8326	4
8328	2
8330	31
8332	34
8341	2
8343	5
8344	6
8345	1
8349	1
8360	20
8361	15
8401	31
8402	17
8403	4
8406	17
8501	4
8502	8
8505	22
8510	4
8512	6
8514	2
8515	5
8518	9
8520	22
8525	6
8527	48
8530	8
8533	6
8534	9
8535	1
8536	12
8540	45
8542	4
8550	13
8551	4
8554	9
8558	6
8559	1
8560	1
8562	8
8609	23
8610	17
8611	23
8618	28
8619	18
8620	3
8628	8
8629	5
8638	15
8648	18
8690	16
8691	13
8701	102
8721	15
8722	10
8723	29
8724	37
8730	5
8731	19
8732	1
8733	1
8734	4
8735	13
8736	14
8738	6
8740	1
8741	5
8742	20
8750	6
8751	7
8752	5
8753	48
8755	28
8757	68
8758	11
8759	57
8801	8
8802	4
8804	2
8805	6
8807	24
8809	5
8810	5
8812	12
8816	26
8817	31
8820	32
8822	26
8823	5
8824	10
8825	4
8826	3
8827	4
8828	1
8829	3
8830	11
8831	91
8833	6
8835	11
8836	3
8837	10
8840	17
8844	27
8846	9
8848	4
8850	7
8852	11
8853	1
8854	41
8857	32
8859	14
8861	26
8863	10
8865	16
8867	8
8869	6
8872	16
8873	25
8876	15
8879	25
8880	6
8882	10
8884	7
8886	3
8887	3
8889	13
8901	17
8902	27
8904	13
