10001	17
10002	17
10003	52
10004	14
10005	12
10007	6
10009	6
10013	25
10025	47
10027	16
10029	44
10030	2
10031	13
10036	20
10280	22
10301	13
10302	6
10303	12
10304	19
10305	13
10306	24
10307	6
10308	18
10309	16
10310	8
10312	47
10314	40
10456	5
10459	3
10462	12
10463	17
10464	2
10465	14
10466	5
10467	7
10469	8
10471	7
10473	5
10502	3
10504	4
10506	12
10507	8
10509	14
10510	8
10512	32
10514	25
10516	6
10518	2
10520	5
10522	6
10523	2
10524	3
10526	2
10528	5
10530	5
10532	1
10533	2
10536	11
10537	1
10538	12
10541	19
10543	9
10546	1
10547	3
10548	1
10549	11
10550	4
10552	4
10553	3
10560	6
10562	8
10566	9
10567	5
10570	6
10573	10
10576	7
10577	2
10579	11
10580	21
10583	29
10588	3
10589	5
10590	7
10591	1
10594	5
10595	5
10598	22
10601	2
10603	6
10604	4
10605	10
10606	7
10607	4
10701	5
10703	6
10704	7
10705	8
10706	5
10707	4
10708	14
10709	4
10710	5
10801	10
10803	10
10804	14
10805	5
10901	18
10913	5
10916	4
10917	1
10918	14
10920	8
10921	2
10923	5
10924	11
10925	4
10926	3
10928	2
10930	10
10940	35
10941	6
10950	31
10954	12
10956	25
10958	2
10960	9
10962	2
10963	4
10964	3
10965	15
10968	1
10970	9
10973	1
10974	2
10980	5
10983	8
10984	1
10986	1
10987	3
10989	7
10990	19
10992	11
10993	2
10994	8
10998	2
11001	13
11003	15
11004	15
11010	14
11020	4
11021	11
11023	9
11024	3
11030	16
11040	37
11050	25
11096	3
11101	19
11103	4
11105	5
11106	8
11201	77
11203	6
11204	9
11205	20
11207	22
11208	3
11209	32
11210	18
11211	17
11212	3
11214	11
11215	32
11216	5
11217	17
11218	27
11220	9
11221	3
11222	13
11224	5
11225	9
11226	8
11228	10
11229	31
11230	23
11231	13
11232	6
11234	34
11235	30
11236	3
11238	30
11249	16
11354	38
11355	20
11356	8
11357	34
11358	10
11360	16
11361	11
11362	10
11363	2
11364	19
11365	11
11366	9
11367	15
11368	6
11369	9
11370	3
11372	12
11373	14
11374	11
11375	23
11377	10
11378	9
11379	10
11385	8
11411	9
11412	18
11413	16
11414	17
11415	12
11416	3
11417	4
11418	7
11419	6
11420	13
11421	9
11422	6
11423	8
11426	7
11427	8
11428	5
11429	5
11432	7
11433	8
11434	13
11435	6
11436	8
11501	11
11507	5
11509	3
11510	18
11514	2
11516	5
11518	7
11520	21
11530	23
11542	7
11545	10
11550	15
11552	19
11553	9
11554	14
11557	6
11558	4
11559	6
11560	13
11561	22
11563	10
11565	8
11566	20
11568	2
11569	3
11570	16
11572	19
11575	6
11576	17
11577	15
11579	3
11580	18
11581	8
11590	24
11596	5
11598	14
11691	6
11692	1
11693	3
11694	5
11701	18
11702	8
11703	10
11704	12
11705	8
11706	45
11709	3
11710	28
11713	7
11714	7
11716	8
11717	19
11718	4
11719	3
11720	13
11721	5
11722	19
11724	3
11725	23
11726	6
11727	13
11729	17
11730	10
11731	13
11732	5
11733	16
11735	21
11738	11
11739	1
11740	6
11741	17
11742	9
11743	33
11746	38
11747	12
11749	2
11751	10
11752	7
11753	8
11754	12
11755	11
11756	31
11757	35
11758	35
11762	18
11763	21
11764	12
11766	11
11767	6
11768	26
11769	8
11771	16
11772	24
11776	10
11777	9
11778	11
11779	18
11780	14
11782	10
11783	14
11784	11
11786	4
11787	24
11788	17
11789	7
11790	16
11791	22
11792	9
11793	25
11795	15
11796	6
11797	5
11798	7
11801	15
11803	25
11804	2
11901	18
11932	8
11933	5
11934	4
11935	8
11937	73
11939	1
11940	3
11941	3
11942	6
11944	5
11946	19
11948	2
11949	15
11950	6
11951	14
11952	6
11953	13
11954	14
11955	3
11957	6
11958	3
11959	1
11960	2
11961	19
11967	21
11971	9
11976	24
11977	2
11980	5
12009	8
12018	9
12019	26
12020	53
12023	3
12025	3
12027	4
12032	3
12033	7
12043	4
12047	15
12053	6
12054	17
12057	3
12059	3
12061	11
12062	3
12065	50
12066	3
12074	4
12076	2
12077	4
12078	12
12084	4
12090	7
12093	3
12094	1
12095	8
12110	24
12116	1
12117	5
12118	14
12121	1
12122	4
12123	2
12134	2
12137	5
12138	1
12140	3
12143	6
12144	25
12148	6
12149	1
12154	2
12157	3
12158	7
12159	8
12168	4
12170	6
12180	28
12182	13
12185	2
12186	7
12188	12
12189	14
12196	3
12197	3
12198	12
12202	5
12203	20
12204	4
12205	24
12206	4
12208	18
12209	4
12210	2
12211	15
12302	28
12303	28
12304	13
12306	24
12308	6
12309	34
12401	17
12404	3
12409	3
12428	1
12429	1
12440	2
12443	1
12446	3
12449	4
12458	4
12461	3
12466	3
12472	3
12477	14
12481	2
12484	14
12486	1
12487	4
12491	3
12498	8
12518	4
12520	7
12525	2
12528	10
12542	1
12543	3
12547	2
12549	9
12550	30
12553	27
12561	12
12563	4
12566	7
12575	2
12577	4
12586	8
12589	5
12729	2
12740	1
12771	5
12780	2
12801	8
12803	3
12804	30
12809	2
12814	4
12815	1
12816	5
12817	3
12822	4
12824	3
12828	11
12831	15
12832	10
12833	6
12834	5
12835	3
12836	1
12839	13
12845	9
12846	5
12850	3
12859	1
12865	5
12866	47
12870	3
12871	4
12883	7
12885	3
12887	5
12901	16
12903	5
12910	3
12912	1
12918	1
12919	2
12920	3
12921	5
12928	2
12932	1
12935	1
12937	3
12941	1
12942	2
12944	4
12946	6
12953	11
12958	2
12962	6
12972	3
12979	1
12981	1
12983	4
12986	3
12992	3
12993	1
12996	1
13021	34
13027	26
13029	10
13030	7
13031	15
13032	10
13033	2
13034	2
13035	12
13036	2
13037	13
13039	16
13040	3
13042	6
13044	4
13045	27
13053	5
13057	14
13060	2
13063	4
13066	30
13068	5
13069	19
13073	2
13074	2
13076	3
13077	6
13078	15
13080	4
13082	7
13083	3
13084	2
13088	23
13092	2
13101	5
13104	28
13108	4
13110	4
13112	1
13114	5
13116	7
13118	7
13120	2
13126	28
13131	3
13132	4
13135	6
13140	2
13142	4
13143	2
13145	2
13148	9
13152	13
13156	3
13159	2
13160	2
13164	2
13165	10
13166	5
13203	6
13204	12
13205	10
13206	14
13207	13
13208	16
13209	7
13210	16
13211	6
13212	21
13214	12
13215	11
13219	17
13224	10
13304	1
13308	8
13309	2
13316	2
13320	1
13323	7
13326	2
13332	5
13338	2
13346	6
13354	2
13363	1
13403	2
13408	2
13409	4
13411	3
13413	11
13417	3
13421	6
13424	2
13425	1
13438	3
13439	4
13440	25
13456	4
13460	2
13461	2
13471	1
13476	2
13478	1
13480	3
13490	2
13491	2
13492	16
13493	1
13495	3
13501	22
13502	24
13601	29
13605	1
13607	6
13612	8
13617	4
13618	6
13619	15
13622	2
13624	6
13634	4
13637	1
13642	10
13646	3
13650	2
13656	2
13658	2
13662	17
13667	2
13668	6
13669	13
13676	7
13679	3
13685	6
13691	4
13730	2
13732	6
13733	3
13734	2
13746	3
13748	6
13760	40
13778	2
13787	2
13790	18
13795	1
13803	2
13811	2
13812	1
13815	4
13820	10
13825	3
13827	6
13830	6
13833	3
13850	23
13862	2
13865	3
13901	8
13903	7
13904	8
13905	23
14001	4
14004	11
14005	2
14006	8
14012	4
14020	14
14025	2
14028	1
14030	2
14036	4
14040	3
14042	3
14048	8
14058	1
14062	2
14065	2
14067	2
14070	4
14080	5
14081	1
14092	17
14094	49
14098	4
14101	1
14103	9
14105	4
14108	5
14120	46
14125	3
14131	6
14132	9
14136	6
14138	5
14141	8
14143	3
14171	2
14172	2
14174	5
14201	3
14212	5
14214	10
14216	13
14218	8
14301	8
14303	3
14304	33
14305	18
14411	4
14414	6
14416	2
14420	16
14422	3
14423	7
14428	6
14435	1
14437	8
14445	10
14450	68
14454	8
14464	9
14467	15
14468	10
14470	6
14472	10
14476	4
14477	3
14481	1
14482	9
14485	4
14487	8
14506	4
14510	4
14514	6
14517	1
14521	6
14525	5
14526	29
14533	5
14534	60
14541	1
14543	4
14546	2
14559	13
14560	3
14572	1
14580	64
14586	14
14605	7
14606	21
14607	6
14608	7
14609	50
14610	16
14611	13
14612	38
14613	8
14615	19
14616	43
14617	36
14618	38
14619	8
14620	22
14621	22
14622	19
14623	17
14624	40
14625	16
14626	37
14701	24
14706	6
14710	3
14712	1
14715	3
14716	2
14718	1
14719	2
14724	4
14727	4
14733	5
14735	1
14737	9
14738	3
14739	1
14741	2
14747	2
14750	9
14755	6
14757	8
14760	20
14770	2
14775	1
14781	3
14782	3
14787	7
14801	5
14806	3
14807	2
14809	1
14812	3
14813	2
14814	5
14817	2
14826	1
14830	24
14840	5
14843	10
14845	21
14850	65
14865	2
14867	9
14870	7
14871	4
14873	1
14879	1
14880	1
14882	7
14883	3
14886	3
14891	5
14892	7
14895	7
14901	10
14903	9
14904	13
14905	10
6001	31
6002	25
6010	49
6013	10
6016	8
6018	6
6019	13
6021	3
6026	7
6027	2
6029	16
6031	1
6032	25
6033	42
6035	12
6037	20
6039	3
6040	30
6042	20
6043	2
6051	3
6052	9
6053	19
6057	8
6058	2
6060	6
6062	20
6063	1
6066	24
6067	17
6068	4
6069	6
6070	19
6071	15
6073	14
6074	25
6076	11
6078	7
6081	1
6082	52
6084	23
6085	12
6088	9
6089	7
6092	8
6093	2
6095	34
6096	13
6098	8
6105	12
6106	4
6107	45
6108	13
6109	37
6110	20
6111	20
6112	6
6114	4
6117	32
6118	19
6119	16
6120	2
6226	11
6231	5
6232	2
6234	10
6235	1
6237	5
6238	11
6239	9
6241	6
6242	3
6247	4
6248	6
6249	10
6250	8
6254	1
6255	2
6256	2
6259	2
6260	9
6268	8
6277	6
6278	3
6279	5
6280	1
6281	12
6282	5
6320	15
6330	2
6331	5
6333	8
6334	1
6335	9
6339	14
6340	16
6351	13
6354	4
6355	13
6357	16
6359	7
6360	25
6365	4
6370	5
6371	14
6374	12
6375	6
6377	4
6378	8
6379	6
6382	13
6384	4
6385	20
6401	5
6403	11
6405	37
6410	33
6412	6
6413	22
6415	11
6416	16
6417	5
6418	7
6419	5
6420	9
6422	7
6423	8
6424	15
6426	5
6437	40
6438	3
6442	3
6443	26
6447	6
6450	28
6451	25
6455	1
6457	42
6460	39
6461	19
6468	26
6469	2
6470	18
6471	13
6472	5
6473	25
6475	11
6477	13
6478	13
6479	8
6480	18
6481	3
6482	14
6483	18
6484	47
6488	39
6489	40
6492	35
6498	5
6511	21
6512	30
6513	20
6514	25
6515	11
6516	37
6517	25
6518	13
6519	1
6524	4
6525	8
6604	10
6605	8
6606	21
6607	1
6608	2
6610	10
6611	40
6612	7
6614	31
6615	20
6704	21
6705	19
6706	6
6708	29
6710	7
6712	9
6716	12
6750	3
6751	4
6752	1
6754	1
6756	8
6757	1
6759	10
6762	11
6763	2
6770	28
6776	31
6777	4
6778	1
6779	6
6782	1
6783	5
6784	8
6786	7
6787	8
6790	29
6791	4
6793	4
6794	3
6795	13
6796	1
6798	8
6801	16
6804	25
6807	10
6810	31
6811	30
6812	16
6820	38
6824	48
6825	25
6830	34
6831	25
6840	45
6850	17
6851	29
6853	12
6854	22
6855	13
6870	19
6877	38
6878	20
6880	49
6883	30
6890	7
6896	15
6897	45
6901	6
6902	61
6903	27
6905	19
6906	3
6907	13
7001	10
7002	36
7003	29
7004	10
7005	21
7006	38
7008	14
7009	10
7010	30
7011	18
7012	8
7013	31
7014	6
7016	20
7017	12
7018	8
7020	17
7021	5
7022	7
7023	8
7024	31
7026	18
7027	2
7028	15
7029	13
7030	143
7031	13
7032	18
7033	12
7034	5
7035	16
7036	36
7039	33
7040	25
7041	12
7042	25
7043	23
7044	9
7045	24
7046	9
7047	39
7050	8
7052	48
7054	11
7055	21
7057	5
7058	3
7059	17
7060	24
7062	12
7063	9
7064	3
7065	19
7066	23
7067	32
7068	9
7069	12
7070	18
7071	9
7072	4
7073	5
7075	8
7076	31
7077	3
7078	28
7079	26
7080	16
7081	18
7082	7
7083	52
7086	27
7087	14
7090	37
7092	10
7093	40
7094	10
7095	13
7102	1
7103	10
7105	9
7106	12
7107	13
7108	16
7109	15
7110	32
7111	20
7112	13
7114	3
7201	8
7202	14
7203	13
7204	17
7205	14
7206	12
7208	15
7302	111
7304	23
7305	54
7306	47
7307	33
7310	24
7401	15
7403	7
7405	25
7407	11
7410	33
7416	4
7417	17
7418	1
7419	12
7420	2
7421	18
7422	7
7423	13
7424	21
7430	39
7432	9
7435	2
7436	18
7438	13
7439	4
7440	6
7442	11
7444	10
7446	18
7450	39
7452	19
7456	8
7457	8
7458	22
7460	5
7461	17
7462	14
7463	10
7465	11
7470	35
7480	12
7481	19
7501	8
7502	7
7503	10
7504	9
7506	12
7508	13
7512	8
7513	6
7514	7
7522	7
7524	11
7601	25
7603	7
7604	7
7605	8
7606	1
7607	8
7621	26
7624	13
7626	12
7627	4
7628	17
7630	3
7631	31
7632	10
7640	5
7641	2
7642	17
7643	6
7644	10
7645	15
7646	11
7647	8
7648	6
7649	8
7650	12
7652	27
7656	8
7657	9
7660	4
7661	10
7662	7
7663	12
7666	27
7670	20
7675	29
7676	11
7677	5
7701	36
7702	5
7704	8
7711	2
7712	39
7716	6
7717	2
7718	6
7719	29
7720	11
7721	9
7722	12
7723	5
7724	19
7726	49
7727	6
7728	62
7730	11
7731	41
7732	8
7733	11
7734	10
7735	18
7737	4
7738	13
7739	21
7740	25
7746	20
7747	37
7748	32
7750	10
7751	15
7753	35
7755	5
7756	14
7757	4
7758	5
7760	16
7762	15
7764	9
7801	22
7803	5
7821	7
7823	6
7825	7
7826	6
7827	3
7828	16
7830	9
7832	2
7834	31
7836	16
7838	3
7840	29
7843	10
7847	4
7848	3
7849	7
7850	10
7852	8
7853	18
7856	5
7857	1
7860	19
7863	4
7865	3
7866	27
7869	29
7871	25
7874	13
7876	12
7882	12
7885	12
7901	46
7920	61
7921	30
7922	16
7924	18
7927	14
7928	47
7930	14
7931	4
7932	13
7933	6
7934	5
7936	11
7940	24
7945	18
7946	5
7950	35
7960	84
7974	9
7980	3
7981	18
8002	16
8003	32
8004	11
8005	35
8006	4
8007	3
8008	34
8009	20
8010	12
8012	25
8015	14
8016	34
8020	3
8021	33
8022	13
8026	1
8027	2
8028	16
8029	4
8030	13
8031	11
8033	22
8034	26
8035	16
8036	6
8037	21
8043	29
8045	2
8046	32
8048	7
8049	5
8050	46
8051	14
8052	7
8053	51
8054	56
8055	51
8056	7
8057	25
8059	5
8060	26
8061	2
8062	19
8063	2
8065	6
8066	4
8067	2
8068	7
8069	7
8070	6
8071	9
8075	31
8077	34
8078	6
8079	5
8080	34
8081	41
8083	9
8084	7
8085	29
8086	5
8087	33
8088	35
8089	2
8090	8
8091	7
8092	7
8093	7
8094	30
8096	24
8097	4
8098	8
8102	6
8103	9
8104	10
8105	10
8106	11
8107	17
8108	20
8109	14
8110	9
8201	5
8202	13
8203	24
8204	35
8205	32
8210	20
8215	11
8221	10
8223	5
8225	13
8226	82
8230	12
8232	18
8234	43
8241	2
8242	11
8243	24
8244	12
8247	25
8251	25
8260	95
8270	7
8302	21
8310	1
8311	2
8312	9
8317	1
8318	9
8319	2
8322	11
8326	1
8328	2
8330	26
8332	25
8341	2
8343	2
8344	7
8345	2
8349	1
8360	20
8361	13
8401	34
8402	33
8403	5
8406	20
8501	4
8502	16
8505	20
8510	4
8512	7
8514	7
8515	4
8518	10
8520	30
8525	9
8527	49
8530	14
8533	7
8534	17
8535	7
8536	16
8540	73
8542	1
8550	32
8551	5
8554	4
8558	16
8559	2
8560	3
8562	4
8609	15
8610	37
8611	31
8618	31
8619	18
8620	15
8628	10
8629	10
8638	15
8648	39
8690	24
8691	29
8701	106
8721	20
8722	17
8723	43
8724	52
8730	8
8731	26
8732	4
8733	1
8734	5
8735	18
8736	31
8738	3
8740	2
8741	7
8742	35
8750	6
8751	13
8752	8
8753	71
8755	44
8757	74
8758	23
8759	79
8801	13
8802	4
8804	6
8805	16
8807	46
8809	6
8810	8
8812	14
8816	39
8817	25
8820	42
8822	38
8823	12
8824	16
8825	2
8826	5
8827	7
8828	4
8829	4
8830	14
8831	105
8833	11
8835	14
8836	5
8837	7
8840	18
8844	45
8846	7
8848	9
8850	14
8852	18
8853	3
8854	58
8857	38
8859	29
8861	21
8863	10
8865	19
8867	5
8869	8
8872	13
8873	58
8876	19
8879	21
8880	3
8882	6
8884	6
8886	9
8887	7
8889	15
8901	17
8902	27
8904	6
