10001	6
10002	16
10003	52
10004	8
10005	17
10007	4
10009	13
10013	20
10025	43
10027	16
10029	12
10030	6
10031	31
10036	11
10280	14
10301	20
10302	4
10303	9
10304	15
10305	22
10306	25
10307	11
10308	16
10309	19
10310	14
10312	29
10314	46
10456	7
10459	5
10462	115
10463	54
10464	3
10465	11
10466	11
10467	6
10469	11
10471	18
10473	650
10502	6
10504	6
10506	8
10507	2
10509	13
10510	3
10512	22
10514	12
10516	5
10518	1
10520	3
10522	2
10523	4
10524	6
10526	2
10528	1
10530	6
10532	1
10533	2
10536	12
10537	3
10538	4
10541	21
10543	5
10546	2
10547	5
10548	2
10549	4
10550	1
10552	8
10553	2
10560	7
10562	8
10566	12
10567	8
10570	3
10573	13
10576	5
10577	2
10579	8
10580	8
10583	11
10588	1
10589	11
10590	4
10591	5
10594	1
10595	4
10598	26
10601	1
10603	7
10604	3
10605	12
10606	9
10607	4
10701	6
10703	5
10704	6
10705	5
10706	4
10707	5
10708	4
10709	6
10710	15
10801	7
10803	6
10804	14
10805	3
10901	18
10913	2
10916	3
10917	3
10918	12
10920	5
10921	2
10923	2
10924	5
10925	8
10926	2
10928	4
10930	15
10940	33
10941	6
10950	61
10954	15
10956	27
10958	2
10960	9
10962	7
10963	3
10964	4
10965	9
10968	2
10970	3
10973	1
10974	1
10980	7
10983	4
10984	1
10986	2
10987	6
10989	11
10990	15
10992	13
10993	6
10994	7
10998	4
11001	11
11003	15
11004	13
11010	18
11020	5
11021	9
11023	14
11024	11
11030	17
11040	30
11050	24
11096	1
11101	32
11103	3
11105	9
11106	4
11201	61
11203	10
11204	9
11205	40
11207	16
11208	4
11209	35
11210	22
11211	12
11212	2
11214	15
11215	29
11216	7
11217	21
11218	33
11220	11
11221	6
11222	13
11224	8
11225	10
11226	16
11228	18
11229	37
11230	23
11231	18
11232	7
11234	35
11235	49
11236	3
11238	33
11249	22
11354	34
11355	35
11356	15
11357	34
11358	26
11360	20
11361	13
11362	21
11363	4
11364	33
11365	23
11366	13
11367	32
11368	8
11369	11
11370	12
11372	27
11373	102
11374	30
11375	52
11377	22
11378	10
11379	11
11385	8
11411	10
11412	18
11413	13
11414	16
11415	14
11416	4
11417	10
11418	9
11419	9
11420	12
11421	8
11422	14
11423	6
11426	16
11427	8
11428	7
11429	9
11432	10
11433	9
11434	23
11435	16
11436	11
11501	8
11507	12
11509	6
11510	31
11514	4
11516	12
11518	5
11520	20
11530	27
11542	23
11545	9
11550	16
11552	16
11553	5
11554	24
11557	5
11558	5
11559	10
11560	9
11561	23
11563	10
11565	13
11566	33
11568	4
11569	5
11570	10
11572	17
11575	10
11576	11
11577	17
11579	3
11580	32
11581	18
11590	25
11596	8
11598	12
11691	10
11692	2
11693	7
11694	4
11701	18
11702	7
11703	18
11704	22
11705	5
11706	39
11709	7
11710	34
11713	9
11714	19
11716	10
11717	20
11718	6
11719	5
11720	24
11721	5
11722	29
11724	3
11725	24
11726	8
11727	26
11729	23
11730	8
11731	24
11732	5
11733	18
11735	14
11738	10
11739	3
11740	11
11741	18
11742	3
11743	46
11746	74
11747	10
11749	5
11751	6
11752	5
11753	12
11754	15
11755	11
11756	30
11757	37
11758	45
11762	16
11763	14
11764	18
11766	10
11767	15
11768	24
11769	16
11771	9
11772	22
11776	15
11777	4
11778	7
11779	24
11780	20
11782	15
11783	12
11784	13
11786	5
11787	36
11788	12
11789	7
11790	10
11791	28
11792	11
11793	22
11795	16
11796	1
11797	9
11798	10
11801	29
11803	29
11804	3
11901	37
11932	4
11933	7
11934	7
11935	7
11937	53
11939	6
11940	4
11941	3
11942	9
11944	6
11946	16
11948	3
11949	13
11950	14
11951	11
11952	10
11953	15
11954	12
11955	5
11957	6
11958	4
11959	2
11960	3
11961	24
11967	23
11971	13
11976	10
11977	4
11980	4
12009	6
12018	6
12019	16
12020	20
12023	1
12025	4
12027	2
12032	2
12033	9
12043	4
12047	10
12053	4
12054	15
12057	1
12059	2
12061	8
12062	1
12065	26
12066	3
12074	2
12076	5
12077	6
12078	10
12084	2
12090	5
12093	1
12094	1
12095	6
12110	14
12116	2
12117	1
12118	11
12121	3
12122	5
12123	4
12134	7
12137	1
12138	2
12140	2
12143	3
12144	15
12148	8
12149	2
12154	3
12157	4
12158	8
12159	8
12168	1
12170	5
12180	18
12182	9
12185	2
12186	3
12188	7
12189	9
12196	1
12197	1
12198	5
12202	2
12203	21
12204	2
12205	23
12206	9
12208	16
12209	8
12210	3
12211	12
12302	31
12303	29
12304	17
12306	26
12308	10
12309	33
12401	24
12404	2
12409	3
12428	3
12429	3
12440	7
12443	1
12446	5
12449	3
12458	6
12461	2
12466	2
12472	1
12477	14
12481	2
12484	3
12486	3
12487	1
12491	6
12498	11
12518	4
12520	8
12525	6
12528	12
12542	2
12543	2
12547	4
12549	6
12550	33
12553	28
12561	8
12563	4
12566	11
12575	3
12577	1
12586	5
12589	7
12729	2
12740	2
12771	7
12780	2
12801	14
12803	6
12804	23
12809	1
12814	3
12815	1
12816	3
12817	6
12822	4
12824	3
12828	4
12831	13
12832	3
12833	4
12834	8
12835	6
12836	2
12839	7
12845	5
12846	3
12850	2
12859	1
12865	4
12866	32
12870	3
12871	4
12883	5
12885	3
12887	4
12901	10
12903	2
12910	1
12912	3
12918	1
12919	3
12920	4
12921	1
12928	1
12932	2
12935	2
12937	1
12941	2
12942	3
12944	5
12946	12
12953	9
12958	2
12962	4
12972	4
12979	1
12981	1
12983	3
12986	10
12992	2
12993	1
12996	1
13021	36
13027	38
13029	12
13030	5
13031	14
13032	8
13033	4
13034	4
13035	12
13036	6
13037	6
13039	15
13040	2
13042	1
13044	5
13045	18
13053	5
13057	13
13060	3
13063	2
13066	13
13068	1
13069	14
13073	4
13074	4
13076	2
13077	5
13078	6
13080	3
13082	5
13083	3
13084	7
13088	20
13092	3
13101	2
13104	23
13108	4
13110	3
13112	4
13114	3
13116	2
13118	6
13120	1
13126	23
13131	1
13132	3
13135	8
13140	5
13142	4
13143	6
13145	1
13148	12
13152	14
13156	1
13159	11
13160	3
13164	3
13165	10
13166	2
13203	7
13204	8
13205	9
13206	10
13207	12
13208	12
13209	8
13210	4
13211	5
13212	19
13214	7
13215	10
13219	13
13224	10
13304	1
13308	1
13309	5
13316	3
13320	1
13323	8
13326	4
13332	3
13338	1
13346	2
13354	1
13363	1
13403	4
13408	4
13409	2
13411	2
13413	19
13417	3
13421	12
13424	5
13425	1
13438	3
13439	3
13440	22
13456	6
13460	5
13461	8
13471	1
13476	5
13478	5
13480	1
13490	1
13491	4
13492	14
13493	4
13495	3
13501	19
13502	21
13601	15
13605	6
13607	5
13612	3
13617	11
13618	3
13619	7
13622	5
13624	5
13634	5
13637	3
13642	10
13646	3
13650	2
13656	2
13658	1
13662	13
13667	3
13668	3
13669	7
13676	6
13679	1
13685	3
13691	2
13730	3
13732	5
13733	4
13734	1
13746	2
13748	6
13760	29
13778	3
13787	3
13790	15
13795	2
13803	1
13811	1
13812	3
13815	9
13820	13
13825	3
13827	6
13830	2
13833	3
13850	18
13862	3
13865	3
13901	12
13903	15
13904	11
13905	17
14001	5
14004	7
14005	2
14006	15
14012	1
14020	9
14025	3
14028	3
14030	2
14036	3
14040	2
14042	3
14048	9
14058	1
14062	2
14065	2
14067	8
14070	7
14080	2
14081	3
14092	10
14094	35
14098	3
14101	2
14103	9
14105	3
14108	6
14120	39
14125	3
14131	5
14132	4
14136	1
14138	2
14141	6
14143	2
14171	4
14172	2
14174	3
14201	2
14212	9
14214	8
14216	20
14218	9
14301	5
14303	6
14304	11
14305	14
14411	7
14414	4
14416	2
14420	14
14422	3
14423	6
14428	7
14435	3
14437	17
14445	14
14450	41
14454	6
14464	7
14467	7
14468	12
14470	3
14472	10
14476	2
14477	2
14481	1
14482	6
14485	5
14487	2
14506	1
14510	4
14514	2
14517	3
14521	1
14525	2
14526	14
14533	1
14534	38
14541	2
14543	3
14546	4
14559	23
14560	1
14572	3
14580	41
14586	10
14605	8
14606	17
14607	5
14608	5
14609	44
14610	14
14611	13
14612	23
14613	11
14615	13
14616	31
14617	13
14618	14
14619	8
14620	10
14621	18
14622	10
14623	16
14624	31
14625	15
14626	29
14701	21
14706	3
14710	2
14712	2
14715	4
14716	1
14718	1
14719	1
14724	2
14727	4
14733	2
14735	2
14737	5
14738	3
14739	2
14741	4
14747	2
14750	2
14755	4
14757	1
14760	13
14770	5
14775	3
14781	1
14782	1
14787	3
14801	1
14806	3
14807	2
14809	4
14812	5
14813	3
14814	4
14817	1
14826	1
14830	19
14840	4
14843	8
14845	16
14850	24
14865	2
14867	6
14870	9
14871	5
14873	4
14879	2
14880	1
14882	3
14883	3
14886	6
14891	6
14892	4
14895	8
14901	6
14903	4
14904	14
14905	8
6001	21
6002	24
6010	32
6013	5
6016	11
6018	4
6019	4
6021	3
6026	4
6027	3
6029	7
6031	3
6032	24
6033	40
6035	6
6037	12
6039	3
6040	32
6042	21
6043	3
6051	14
6052	6
6053	21
6057	5
6058	2
6060	5
6062	16
6063	5
6066	18
6067	18
6068	7
6069	7
6070	17
6071	8
6073	3
6074	28
6076	14
6078	15
6081	3
6082	40
6084	12
6085	6
6088	5
6089	8
6092	2
6093	7
6095	25
6096	5
6098	5
6105	9
6106	13
6107	20
6108	12
6109	32
6110	8
6111	26
6112	4
6114	9
6117	20
6118	19
6119	20
6120	3
6226	7
6231	4
6232	5
6234	14
6235	4
6237	5
6238	14
6239	9
6241	7
6242	2
6247	3
6248	3
6249	11
6250	6
6254	4
6255	4
6256	3
6259	3
6260	7
6268	7
6277	3
6278	3
6279	5
6280	3
6281	10
6282	6
6320	16
6330	1
6331	4
6333	7
6334	3
6335	11
6339	5
6340	16
6351	10
6354	6
6355	12
6357	22
6359	7
6360	35
6365	7
6370	7
6371	5
6374	3
6375	3
6377	1
6378	10
6379	7
6382	10
6384	3
6385	12
6401	13
6403	12
6405	24
6410	30
6412	1
6413	11
6415	12
6416	17
6417	3
6418	6
6419	3
6420	5
6422	2
6423	5
6424	17
6426	4
6437	28
6438	2
6442	5
6443	14
6447	9
6450	33
6451	24
6455	1
6457	24
6460	46
6461	18
6468	18
6469	4
6470	12
6471	5
6472	3
6473	15
6475	17
6477	10
6478	7
6479	7
6480	9
6481	3
6482	8
6483	15
6484	36
6488	26
6489	36
6492	38
6498	1
6511	17
6512	30
6513	18
6514	10
6515	9
6516	36
6517	13
6518	10
6519	2
6524	5
6525	12
6604	15
6605	3
6606	30
6607	2
6608	3
6610	8
6611	30
6612	3
6614	37
6615	12
6704	15
6705	13
6706	7
6708	20
6710	3
6712	9
6716	13
6750	3
6751	3
6752	2
6754	2
6756	6
6757	1
6759	9
6762	6
6763	1
6770	19
6776	34
6777	4
6778	2
6779	9
6782	3
6783	4
6784	8
6786	8
6787	8
6790	33
6791	3
6793	6
6794	2
6795	10
6796	3
6798	11
6801	19
6804	28
6807	6
6810	21
6811	37
6812	21
6820	29
6824	32
6825	24
6830	17
6831	8
6840	21
6850	12
6851	26
6853	10
6854	14
6855	7
6870	4
6877	25
6878	7
6880	29
6883	13
6890	10
6896	10
6897	27
6901	7
6902	34
6903	23
6905	16
6906	7
6907	6
7001	15
7002	27
7003	35
7004	4
7005	12
7006	33
7008	11
7009	7
7010	17
7011	13
7012	7
7013	30
7014	9
7016	22
7017	14
7018	17
7020	29
7021	4
7022	7
7023	6
7024	24
7026	14
7027	6
7028	6
7029	12
7030	103
7031	6
7032	14
7033	8
7034	6
7035	11
7036	29
7039	33
7040	25
7041	7
7042	18
7043	9
7044	21
7045	13
7046	5
7047	29
7050	12
7052	59
7054	24
7055	15
7057	9
7058	6
7059	22
7060	40
7062	10
7063	11
7064	3
7065	26
7066	21
7067	9
7068	9
7069	11
7070	16
7071	19
7072	3
7073	7
7075	8
7076	17
7077	2
7078	24
7079	21
7080	20
7081	24
7082	8
7083	41
7086	16
7087	21
7090	22
7092	10
7093	25
7094	16
7095	8
7102	3
7103	9
7105	14
7106	14
7107	22
7108	12
7109	21
7110	27
7111	30
7112	18
7114	5
7201	11
7202	15
7203	22
7204	10
7205	20
7206	16
7208	11
7302	73
7304	38
7305	31
7306	18
7307	22
7310	10
7401	8
7403	8
7405	18
7407	8
7410	23
7416	5
7417	10
7418	4
7419	20
7420	15
7421	7
7422	9
7423	6
7424	24
7430	31
7432	2
7435	2
7436	11
7438	12
7439	2
7440	5
7442	10
7444	14
7446	15
7450	19
7452	17
7456	12
7457	8
7458	16
7460	3
7461	14
7462	21
7463	13
7465	5
7470	46
7480	21
7481	13
7501	13
7502	7
7503	6
7504	9
7506	17
7508	14
7512	7
7513	5
7514	13
7522	12
7524	8
7601	24
7603	3
7604	11
7605	5
7606	3
7607	14
7621	11
7624	7
7626	12
7627	6
7628	12
7630	4
7631	19
7632	9
7640	1
7641	2
7642	7
7643	7
7644	16
7645	5
7646	11
7647	3
7648	6
7649	10
7650	16
7652	17
7656	4
7657	4
7660	6
7661	11
7662	4
7663	15
7666	25
7670	16
7675	31
7676	8
7677	7
7701	29
7702	6
7704	15
7711	2
7712	37
7716	6
7717	5
7718	8
7719	21
7720	8
7721	9
7722	8
7723	4
7724	15
7726	59
7727	8
7728	46
7730	21
7731	23
7732	10
7733	12
7734	13
7735	21
7737	2
7738	1
7739	8
7740	24
7746	15
7747	32
7748	25
7750	13
7751	19
7753	29
7755	5
7756	4
7757	5
7758	5
7760	21
7762	15
7764	6
7801	10
7803	7
7821	11
7823	6
7825	10
7826	15
7827	3
7828	12
7830	8
7832	2
7834	20
7836	12
7838	3
7840	24
7843	18
7847	3
7848	6
7849	9
7850	4
7852	8
7853	8
7856	8
7857	3
7860	24
7863	2
7865	4
7866	23
7869	23
7871	24
7874	7
7876	14
7882	16
7885	8
7901	21
7920	38
7921	19
7922	10
7924	9
7927	6
7928	21
7930	9
7931	3
7932	5
7933	4
7934	3
7936	8
7940	13
7945	12
7946	4
7950	21
7960	52
7974	9
7980	1
7981	16
8002	26
8003	47
8004	8
8005	30
8006	7
8007	3
8008	56
8009	16
8010	12
8012	25
8015	16
8016	31
8020	3
8021	88
8022	14
8026	3
8027	6
8028	10
8029	5
8030	13
8031	12
8033	27
8034	31
8035	11
8036	4
8037	30
8043	21
8045	1
8046	37
8048	14
8049	3
8050	48
8051	15
8052	13
8053	40
8054	55
8055	26
8056	7
8057	23
8059	8
8060	25
8061	6
8062	16
8063	3
8065	7
8066	1
8067	1
8068	6
8069	11
8070	12
8071	9
8075	32
8077	19
8078	7
8079	21
8080	34
8081	39
8083	4
8084	9
8085	16
8086	9
8087	34
8088	43
8089	2
8090	7
8091	7
8092	5
8093	9
8094	27
8096	30
8097	1
8098	10
8102	5
8103	5
8104	13
8105	22
8106	9
8107	19
8108	19
8109	20
8110	17
8201	6
8202	15
8203	24
8204	36
8205	43
8210	23
8215	18
8221	10
8223	1
8225	11
8226	71
8230	5
8232	22
8234	53
8241	3
8242	7
8243	26
8244	17
8247	14
8251	17
8260	57
8270	7
8302	33
8310	1
8311	2
8312	5
8317	1
8318	9
8319	2
8322	13
8326	2
8328	3
8330	31
8332	27
8341	1
8343	10
8344	5
8345	1
8349	5
8360	22
8361	13
8401	21
8402	39
8403	8
8406	19
8501	9
8502	9
8505	14
8510	5
8512	8
8514	3
8515	7
8518	8
8520	22
8525	5
8527	67
8530	11
8533	9
8534	13
8535	6
8536	18
8540	42
8542	4
8550	17
8551	3
8554	6
8558	5
8559	9
8560	4
8562	2
8609	14
8610	33
8611	38
8618	27
8619	13
8620	12
8628	11
8629	8
8638	21
8648	29
8690	14
8691	9
8701	81
8721	27
8722	9
8723	28
8724	51
8730	7
8731	20
8732	3
8733	1
8734	6
8735	21
8736	12
8738	6
8740	3
8741	4
8742	39
8750	4
8751	12
8752	9
8753	70
8755	28
8757	89
8758	17
8759	63
8801	6
8802	5
8804	3
8805	9
8807	31
8809	3
8810	6
8812	11
8816	38
8817	32
8820	32
8822	29
8823	11
8824	17
8825	5
8826	4
8827	6
8828	3
8829	4
8830	15
8831	81
8833	6
8835	10
8836	4
8837	10
8840	10
8844	29
8846	9
8848	9
8850	5
8852	15
8853	5
8854	36
8857	39
8859	19
8861	28
8863	11
8865	20
8867	4
8869	10
8872	9
8873	59
8876	15
8879	13
8880	6
8882	9
8884	6
8886	7
8887	4
8889	16
8901	22
8902	28
8904	6
