10001	7
10002	23
10003	53
10004	10
10005	10
10007	7
10009	10
10013	18
10025	33
10027	12
10029	9
10030	5
10031	8
10036	7
10280	12
10301	9
10302	5
10303	11
10304	22
10305	12
10306	32
10307	5
10308	12
10309	16
10310	9
10312	38
10314	39
10456	4
10459	2
10462	23
10463	14
10464	4
10465	15
10466	4
10467	6
10469	8
10471	13
10473	4
10502	2
10504	3
10506	4
10507	3
10509	11
10510	4
10512	20
10514	7
10516	11
10518	1
10520	3
10522	4
10523	4
10524	5
10526	1
10528	4
10530	5
10532	3
10533	3
10536	4
10537	2
10538	2
10541	22
10543	5
10546	2
10547	4
10548	1
10549	6
10550	2
10552	4
10553	2
10560	2
10562	8
10566	7
10567	14
10570	8
10573	6
10576	2
10577	1
10579	13
10580	9
10583	24
10588	2
10589	5
10590	3
10591	5
10594	2
10595	4
10598	20
10601	1
10603	6
10604	2
10605	5
10606	2
10607	3
10701	3
10703	2
10704	4
10705	5
10706	5
10707	3
10708	7
10709	5
10710	7
10801	2
10803	1
10804	7
10805	6
10901	13
10913	3
10916	2
10917	2
10918	14
10920	6
10921	4
10923	9
10924	7
10925	4
10926	6
10928	2
10930	3
10940	20
10941	6
10950	48
10954	16
10956	20
10958	2
10960	3
10962	3
10963	5
10964	3
10965	14
10968	3
10970	9
10973	3
10974	3
10980	8
10983	3
10984	4
10986	1
10987	2
10989	8
10990	14
10992	6
10993	4
10994	3
10998	6
11001	12
11003	22
11004	18
11010	16
11020	2
11021	15
11023	6
11024	8
11030	10
11040	23
11050	33
11096	4
11101	13
11103	5
11105	4
11106	7
11201	52
11203	10
11204	9
11205	18
11207	13
11208	4
11209	31
11210	15
11211	13
11212	3
11214	22
11215	24
11216	3
11217	19
11218	13
11220	5
11221	4
11222	9
11224	18
11225	11
11226	13
11228	10
11229	27
11230	23
11231	13
11232	5
11234	26
11235	32
11236	6
11238	25
11249	12
11354	28
11355	42
11356	8
11357	34
11358	17
11360	23
11361	16
11362	19
11363	4
11364	30
11365	19
11366	4
11367	27
11368	19
11369	13
11370	8
11372	36
11373	23
11374	33
11375	65
11377	19
11378	10
11379	12
11385	5
11411	7
11412	19
11413	11
11414	20
11415	15
11416	5
11417	3
11418	10
11419	6
11420	7
11421	6
11422	6
11423	11
11426	18
11427	17
11428	11
11429	12
11432	13
11433	14
11434	18
11435	11
11436	5
11501	8
11507	3
11509	4
11510	27
11514	5
11516	7
11518	6
11520	21
11530	20
11542	12
11545	13
11550	18
11552	12
11553	7
11554	28
11557	4
11558	6
11559	8
11560	6
11561	30
11563	19
11565	7
11566	23
11568	6
11569	2
11570	12
11572	23
11575	8
11576	13
11577	10
11579	4
11580	20
11581	15
11590	35
11596	6
11598	14
11691	6
11692	3
11693	5
11694	12
11701	14
11702	13
11703	12
11704	19
11705	5
11706	31
11709	7
11710	19
11713	13
11714	14
11716	4
11717	22
11718	5
11719	6
11720	16
11721	10
11722	21
11724	1
11725	18
11726	15
11727	25
11729	25
11730	12
11731	21
11732	2
11733	15
11735	17
11738	11
11739	2
11740	4
11741	13
11742	7
11743	40
11746	38
11747	24
11749	2
11751	6
11752	7
11753	11
11754	15
11755	9
11756	30
11757	26
11758	40
11762	12
11763	12
11764	13
11766	14
11767	13
11768	24
11769	4
11771	11
11772	51
11776	19
11777	4
11778	10
11779	31
11780	12
11782	19
11783	19
11784	18
11786	5
11787	36
11788	8
11789	7
11790	16
11791	25
11792	8
11793	17
11795	19
11796	1
11797	6
11798	14
11801	22
11803	21
11804	2
11901	23
11932	8
11933	5
11934	4
11935	8
11937	55
11939	6
11940	6
11941	3
11942	10
11944	6
11946	18
11948	2
11949	9
11950	7
11951	13
11952	7
11953	13
11954	9
11955	3
11957	5
11958	3
11959	2
11960	2
11961	24
11967	22
11971	12
11976	8
11977	4
11980	7
12009	5
12018	6
12019	20
12020	28
12023	1
12025	4
12027	3
12032	2
12033	8
12043	5
12047	7
12053	4
12054	21
12057	1
12059	1
12061	10
12062	2
12065	36
12066	1
12074	6
12076	1
12077	5
12078	20
12084	2
12090	7
12093	2
12094	3
12095	17
12110	19
12116	2
12117	6
12118	11
12121	3
12122	3
12123	4
12134	12
12137	3
12138	2
12140	4
12143	4
12144	18
12148	3
12149	3
12154	4
12157	2
12158	6
12159	7
12168	3
12170	3
12180	22
12182	12
12185	2
12186	10
12188	8
12189	6
12196	1
12197	5
12198	10
12202	2
12203	25
12204	3
12205	20
12206	12
12208	11
12209	3
12210	3
12211	11
12302	32
12303	16
12304	13
12306	18
12308	6
12309	29
12401	18
12404	6
12409	3
12428	1
12429	2
12440	2
12443	3
12446	4
12449	3
12458	2
12461	3
12466	2
12472	2
12477	12
12481	3
12484	3
12486	3
12487	3
12491	2
12498	9
12518	5
12520	4
12525	4
12528	11
12542	7
12543	3
12547	2
12549	9
12550	20
12553	11
12561	12
12563	10
12566	9
12575	2
12577	3
12586	9
12589	11
12729	2
12740	2
12771	12
12780	3
12801	10
12803	8
12804	31
12809	1
12814	7
12815	3
12816	5
12817	3
12822	4
12824	3
12828	7
12831	17
12832	4
12833	4
12834	6
12835	6
12836	2
12839	8
12845	8
12846	7
12850	4
12859	5
12865	2
12866	35
12870	5
12871	9
12883	13
12885	6
12887	5
12901	30
12903	4
12910	1
12912	4
12918	2
12919	2
12920	1
12921	5
12928	3
12932	1
12935	1
12937	1
12941	4
12942	3
12944	5
12946	15
12953	8
12958	1
12962	12
12972	6
12979	3
12981	2
12983	4
12986	6
12992	2
12993	3
12996	5
13021	33
13027	29
13029	6
13030	3
13031	15
13032	11
13033	4
13034	3
13035	6
13036	7
13037	11
13039	16
13040	2
13042	3
13044	3
13045	18
13053	7
13057	13
13060	3
13063	2
13066	9
13068	2
13069	18
13073	6
13074	2
13076	1
13077	4
13078	9
13080	2
13082	4
13083	1
13084	2
13088	19
13092	2
13101	2
13104	14
13108	8
13110	3
13112	4
13114	3
13116	3
13118	6
13120	4
13126	18
13131	3
13132	7
13135	5
13140	4
13142	4
13143	3
13145	2
13148	9
13152	10
13156	3
13159	7
13160	4
13164	4
13165	7
13166	6
13203	13
13204	10
13205	7
13206	13
13207	8
13208	11
13209	13
13210	12
13211	3
13212	21
13214	10
13215	14
13219	15
13224	12
13304	3
13308	5
13309	4
13316	5
13320	1
13323	6
13326	6
13332	1
13338	4
13346	3
13354	1
13363	5
13403	2
13408	2
13409	2
13411	1
13413	17
13417	3
13421	11
13424	5
13425	3
13438	2
13439	4
13440	31
13456	5
13460	5
13461	4
13471	3
13476	5
13478	3
13480	3
13490	4
13491	2
13492	10
13493	2
13495	3
13501	21
13502	31
13601	25
13605	8
13607	3
13612	5
13617	3
13618	4
13619	8
13622	1
13624	3
13634	4
13637	5
13642	7
13646	3
13650	2
13656	1
13658	2
13662	19
13667	3
13668	5
13669	16
13676	10
13679	2
13685	3
13691	2
13730	5
13732	11
13733	7
13734	3
13746	3
13748	5
13760	24
13778	1
13787	2
13790	15
13795	3
13803	4
13811	2
13812	2
13815	5
13820	13
13825	3
13827	3
13830	3
13833	4
13850	15
13862	1
13865	4
13901	7
13903	11
13904	7
13905	7
14001	5
14004	5
14005	2
14006	11
14012	2
14020	14
14025	4
14028	3
14030	1
14036	3
14040	2
14042	2
14048	9
14058	1
14062	3
14065	1
14067	4
14070	4
14080	2
14081	2
14092	10
14094	27
14098	4
14101	3
14103	14
14105	2
14108	4
14120	28
14125	2
14131	3
14132	3
14136	7
14138	3
14141	3
14143	2
14171	2
14172	4
14174	8
14201	3
14212	5
14214	9
14216	18
14218	7
14301	10
14303	4
14304	20
14305	13
14411	9
14414	1
14416	4
14420	15
14422	2
14423	1
14428	6
14435	1
14437	2
14445	14
14450	53
14454	1
14464	5
14467	1
14468	18
14470	6
14472	6
14476	3
14477	3
14481	1
14482	10
14485	2
14487	2
14506	2
14510	1
14514	4
14517	1
14521	9
14525	1
14526	19
14533	1
14534	44
14541	1
14543	2
14546	3
14559	9
14560	1
14572	4
14580	48
14586	11
14605	5
14606	21
14607	7
14608	6
14609	29
14610	13
14611	14
14612	41
14613	13
14615	11
14616	25
14617	24
14618	24
14619	15
14620	15
14621	19
14622	13
14623	19
14624	34
14625	19
14626	33
14701	46
14706	4
14710	5
14712	4
14715	1
14716	2
14718	2
14719	3
14724	1
14727	4
14733	4
14735	3
14737	3
14738	6
14739	2
14741	2
14747	2
14750	3
14755	3
14757	1
14760	14
14770	2
14775	3
14781	2
14782	2
14787	2
14801	4
14806	1
14807	3
14809	1
14812	1
14813	3
14814	3
14817	1
14826	2
14830	18
14840	10
14843	11
14845	14
14850	16
14865	3
14867	3
14870	9
14871	4
14873	2
14879	4
14880	2
14882	4
14883	2
14886	5
14891	1
14892	5
14895	10
14901	7
14903	7
14904	12
14905	11
6001	31
6002	19
6010	36
6013	4
6016	7
6018	6
6019	11
6021	1
6026	8
6027	1
6029	5
6031	2
6032	11
6033	28
6035	7
6037	13
6039	3
6040	28
6042	22
6043	8
6051	5
6052	3
6053	22
6057	3
6058	1
6060	3
6062	10
6063	2
6066	12
6067	5
6068	2
6069	6
6070	12
6071	5
6073	3
6074	13
6076	11
6078	12
6081	1
6082	38
6084	12
6085	3
6088	3
6089	3
6092	9
6093	3
6095	22
6096	11
6098	8
6105	7
6106	8
6107	21
6108	8
6109	22
6110	13
6111	17
6112	5
6114	7
6117	6
6118	15
6119	12
6120	1
6226	8
6231	5
6232	3
6234	7
6235	3
6237	5
6238	10
6239	5
6241	3
6242	2
6247	4
6248	3
6249	10
6250	7
6254	1
6255	3
6256	3
6259	3
6260	11
6268	4
6277	8
6278	3
6279	2
6280	5
6281	8
6282	2
6320	13
6330	1
6331	5
6333	11
6334	1
6335	6
6339	10
6340	18
6351	21
6354	7
6355	4
6357	21
6359	2
6360	21
6365	3
6370	8
6371	11
6374	7
6375	4
6377	3
6378	12
6379	9
6382	9
6384	6
6385	24
6401	9
6403	6
6405	20
6410	20
6412	5
6413	10
6415	8
6416	9
6417	5
6418	5
6419	6
6420	5
6422	10
6423	5
6424	10
6426	5
6437	10
6438	5
6442	3
6443	23
6447	6
6450	20
6451	16
6455	5
6457	33
6460	39
6461	11
6468	10
6469	4
6470	14
6471	7
6472	4
6473	24
6475	13
6477	14
6478	15
6479	12
6480	9
6481	1
6482	13
6483	15
6484	41
6488	26
6489	22
6492	27
6498	2
6511	7
6512	39
6513	18
6514	15
6515	8
6516	34
6517	10
6518	7
6519	1
6524	7
6525	7
6604	11
6605	14
6606	33
6607	1
6608	1
6610	10
6611	24
6612	5
6614	32
6615	15
6704	11
6705	19
6706	6
6708	21
6710	5
6712	7
6716	13
6750	2
6751	3
6752	6
6754	3
6756	3
6757	3
6759	6
6762	4
6763	1
6770	20
6776	14
6777	5
6778	1
6779	5
6782	4
6783	4
6784	5
6786	10
6787	4
6790	22
6791	7
6793	1
6794	3
6795	8
6796	1
6798	6
6801	14
6804	19
6807	6
6810	33
6811	22
6812	13
6820	21
6824	26
6825	14
6830	21
6831	14
6840	16
6850	17
6851	26
6853	5
6854	19
6855	8
6870	5
6877	18
6878	9
6880	28
6883	9
6890	5
6896	10
6897	15
6901	5
6902	29
6903	13
6905	12
6906	10
6907	6
7001	6
7002	24
7003	35
7004	7
7005	16
7006	14
7008	15
7009	8
7010	27
7011	18
7012	6
7013	25
7014	7
7016	30
7017	21
7018	11
7020	18
7021	6
7022	9
7023	13
7024	31
7026	9
7027	2
7028	14
7029	6
7030	89
7031	10
7032	21
7033	5
7034	8
7035	14
7036	28
7039	39
7040	26
7041	8
7042	12
7043	9
7044	13
7045	14
7046	4
7047	32
7050	11
7052	41
7054	12
7055	21
7057	13
7058	6
7059	17
7060	29
7062	17
7063	5
7064	4
7065	18
7066	13
7067	9
7068	2
7069	7
7070	16
7071	10
7072	5
7073	2
7075	11
7076	26
7077	3
7078	18
7079	19
7080	17
7081	18
7082	5
7083	48
7086	11
7087	25
7090	31
7092	10
7093	19
7094	13
7095	11
7102	5
7103	13
7105	11
7106	10
7107	16
7108	10
7109	23
7110	26
7111	26
7112	7
7114	6
7201	18
7202	12
7203	25
7204	7
7205	16
7206	14
7208	18
7302	67
7304	20
7305	28
7306	31
7307	37
7310	12
7401	6
7403	5
7405	17
7407	19
7410	15
7416	4
7417	11
7418	4
7419	9
7420	3
7421	6
7422	8
7423	4
7424	23
7430	25
7432	8
7435	3
7436	18
7438	10
7439	2
7440	4
7442	16
7444	8
7446	10
7450	21
7452	16
7456	14
7457	4
7458	10
7460	4
7461	18
7462	13
7463	9
7465	11
7470	53
7480	23
7481	15
7501	17
7502	10
7503	8
7504	5
7506	21
7508	18
7512	9
7513	4
7514	5
7522	13
7524	3
7601	24
7603	6
7604	6
7605	4
7606	1
7607	7
7621	22
7624	9
7626	8
7627	5
7628	14
7630	5
7631	21
7632	5
7640	7
7641	3
7642	8
7643	8
7644	12
7645	5
7646	11
7647	3
7648	3
7649	4
7650	12
7652	17
7656	7
7657	7
7660	6
7661	11
7662	5
7663	12
7666	39
7670	12
7675	17
7676	6
7677	6
7701	20
7702	9
7704	7
7711	4
7712	45
7716	10
7717	4
7718	6
7719	21
7720	8
7721	5
7722	8
7723	5
7724	22
7726	44
7727	9
7728	44
7730	14
7731	30
7732	7
7733	12
7734	11
7735	23
7737	7
7738	5
7739	15
7740	25
7746	24
7747	41
7748	24
7750	6
7751	20
7753	20
7755	4
7756	12
7757	8
7758	7
7760	18
7762	10
7764	8
7801	19
7803	8
7821	5
7823	6
7825	7
7826	4
7827	4
7828	4
7830	8
7832	5
7834	29
7836	10
7838	5
7840	23
7843	11
7847	1
7848	8
7849	12
7850	5
7852	6
7853	6
7856	6
7857	5
7860	20
7863	4
7865	2
7866	21
7869	17
7871	20
7874	12
7876	7
7882	12
7885	11
7901	25
7920	24
7921	16
7922	10
7924	8
7927	6
7928	24
7930	9
7931	6
7932	16
7933	5
7934	1
7936	7
7940	19
7945	8
7946	7
7950	21
7960	40
7974	8
7980	3
7981	7
8002	19
8003	26
8004	22
8005	29
8006	2
8007	3
8008	52
8009	19
8010	12
8012	29
8015	19
8016	28
8020	2
8021	38
8022	16
8026	3
8027	7
8028	10
8029	7
8030	16
8031	8
8033	13
8034	15
8035	7
8036	6
8037	19
8043	17
8045	3
8046	32
8048	13
8049	5
8050	43
8051	8
8052	18
8053	37
8054	54
8055	35
8056	7
8057	21
8059	6
8060	26
8061	6
8062	13
8063	3
8065	14
8066	8
8067	2
8068	6
8069	11
8070	13
8071	9
8075	29
8077	21
8078	7
8079	12
8080	33
8081	36
8083	10
8084	6
8085	13
8086	6
8087	35
8088	31
8089	1
8090	7
8091	3
8092	7
8093	5
8094	20
8096	34
8097	4
8098	7
8102	2
8103	5
8104	12
8105	6
8106	8
8107	9
8108	13
8109	6
8110	11
8201	12
8202	20
8203	19
8204	33
8205	34
8210	18
8215	15
8221	12
8223	4
8225	11
8226	82
8230	9
8232	19
8234	26
8241	1
8242	4
8243	19
8244	14
8247	7
8251	21
8260	66
8270	6
8302	25
8310	3
8311	3
8312	9
8317	1
8318	2
8319	2
8322	5
8326	4
8328	3
8330	24
8332	34
8341	2
8343	5
8344	10
8345	1
8349	3
8360	23
8361	10
8401	24
8402	31
8403	7
8406	22
8501	7
8502	9
8505	16
8510	6
8512	7
8514	4
8515	5
8518	7
8520	29
8525	11
8527	55
8530	11
8533	8
8534	28
8535	2
8536	9
8540	40
8542	4
8550	19
8551	8
8554	6
8558	9
8559	11
8560	4
8562	5
8609	9
8610	29
8611	16
8618	23
8619	15
8620	9
8628	11
8629	11
8638	13
8648	32
8690	14
8691	15
8701	72
8721	17
8722	10
8723	45
8724	45
8730	6
8731	16
8732	6
8733	3
8734	7
8735	17
8736	18
8738	8
8740	10
8741	2
8742	44
8750	7
8751	15
8752	8
8753	63
8755	29
8757	90
8758	19
8759	56
8801	15
8802	7
8804	5
8805	12
8807	28
8809	7
8810	2
8812	7
8816	32
8817	27
8820	28
8822	34
8823	7
8824	12
8825	6
8826	7
8827	8
8828	3
8829	4
8830	12
8831	70
8833	9
8835	10
8836	5
8837	6
8840	16
8844	19
8846	14
8848	1
8850	3
8852	10
8853	4
8854	38
8857	33
8859	12
8861	30
8863	9
8865	29
8867	6
8869	3
8872	12
8873	46
8876	21
8879	13
8880	5
8882	7
8884	7
8886	9
8887	4
8889	18
8901	11
8902	22
8904	6
