10001	12
10002	20
10003	61
10004	13
10005	8
10007	5
10009	14
10013	15
10025	48
10027	10
10029	9
10030	2
10031	13
10036	13
10280	7
10301	10
10302	5
10303	11
10304	16
10305	21
10306	37
10307	7
10308	18
10309	13
10310	8
10312	43
10314	39
10456	3
10459	1
10462	13
10463	20
10464	3
10465	17
10466	5
10467	7
10469	6
10471	12
10473	11
10502	2
10504	7
10506	5
10507	1
10509	8
10510	5
10512	18
10514	8
10516	4
10518	1
10520	5
10522	5
10523	2
10524	4
10526	2
10528	1
10530	3
10532	3
10533	2
10536	5
10537	6
10538	5
10541	8
10543	7
10546	1
10547	2
10548	2
10549	6
10550	5
10552	1
10553	1
10560	2
10562	5
10566	9
10567	6
10570	4
10573	12
10576	3
10577	2
10579	7
10580	9
10583	14
10588	2
10589	7
10590	3
10591	2
10594	2
10595	2
10598	9
10601	1
10603	2
10604	1
10605	5
10606	4
10607	3
10701	2
10703	6
10704	2
10705	2
10706	5
10707	2
10708	4
10709	2
10710	4
10801	7
10803	5
10804	6
10805	1
10901	14
10913	7
10916	5
10917	1
10918	10
10920	5
10921	3
10923	6
10924	17
10925	4
10926	4
10928	5
10930	10
10940	36
10941	9
10950	47
10954	22
10956	19
10958	4
10960	7
10962	3
10963	2
10964	1
10965	11
10968	2
10970	1
10973	3
10974	2
10980	6
10983	5
10984	2
10986	3
10987	8
10989	8
10990	11
10992	5
10993	3
10994	3
10998	3
11001	11
11003	14
11004	8
11010	17
11020	6
11021	10
11023	15
11024	2
11030	18
11040	19
11050	33
11096	2
11101	8
11103	8
11105	3
11106	5
11201	49
11203	14
11204	10
11205	13
11207	8
11208	5
11209	31
11210	13
11211	11
11212	5
11214	22
11215	27
11216	9
11217	11
11218	18
11220	11
11221	3
11222	10
11224	6
11225	8
11226	6
11228	8
11229	20
11230	24
11231	8
11232	7
11234	39
11235	42
11236	5
11238	25
11249	9
11354	34
11355	27
11356	4
11357	24
11358	19
11360	18
11361	17
11362	11
11363	6
11364	25
11365	25
11366	15
11367	24
11368	10
11369	9
11370	5
11372	33
11373	22
11374	32
11375	64
11377	13
11378	4
11379	7
11385	15
11411	11
11412	18
11413	13
11414	35
11415	43
11416	2
11417	7
11418	7
11419	8
11420	9
11421	12
11422	8
11423	7
11426	11
11427	9
11428	7
11429	7
11432	22
11433	12
11434	26
11435	13
11436	16
11501	16
11507	11
11509	4
11510	22
11514	4
11516	2
11518	10
11520	21
11530	20
11542	14
11545	6
11550	18
11552	21
11553	7
11554	17
11557	4
11558	3
11559	10
11560	6
11561	24
11563	13
11565	12
11566	23
11568	2
11569	2
11570	24
11572	17
11575	8
11576	17
11577	12
11579	8
11580	25
11581	13
11590	29
11596	3
11598	8
11691	6
11692	2
11693	3
11694	6
11701	11
11702	9
11703	7
11704	21
11705	8
11706	35
11709	9
11710	20
11713	9
11714	10
11716	6
11717	27
11718	6
11719	4
11720	21
11721	7
11722	17
11724	4
11725	14
11726	11
11727	21
11729	11
11730	7
11731	20
11732	1
11733	10
11735	13
11738	11
11739	3
11740	9
11741	14
11742	9
11743	34
11746	35
11747	14
11749	4
11751	12
11752	5
11753	8
11754	9
11755	12
11756	24
11757	24
11758	27
11762	21
11763	15
11764	4
11766	11
11767	7
11768	9
11769	4
11771	9
11772	19
11776	16
11777	3
11778	10
11779	21
11780	13
11782	14
11783	13
11784	13
11786	3
11787	26
11788	9
11789	3
11790	9
11791	13
11792	3
11793	21
11795	14
11796	3
11797	5
11798	9
11801	30
11803	24
11804	6
11901	17
11932	5
11933	5
11934	3
11935	6
11937	46
11939	4
11940	6
11941	3
11942	7
11944	4
11946	18
11948	4
11949	9
11950	12
11951	18
11952	5
11953	12
11954	11
11955	3
11957	3
11958	1
11959	3
11960	3
11961	22
11967	23
11971	5
11976	11
11977	4
11980	3
12009	7
12018	6
12019	16
12020	24
12023	2
12025	4
12027	3
12032	2
12033	5
12043	6
12047	7
12053	3
12054	16
12057	1
12059	1
12061	4
12062	3
12065	25
12066	2
12074	4
12076	4
12077	4
12078	9
12084	3
12090	3
12093	2
12094	1
12095	5
12110	14
12116	1
12117	3
12118	6
12121	1
12122	5
12123	5
12134	4
12137	2
12138	3
12140	2
12143	4
12144	18
12148	4
12149	1
12154	1
12157	3
12158	3
12159	6
12168	1
12170	2
12180	22
12182	13
12185	2
12186	8
12188	5
12189	6
12196	2
12197	3
12198	12
12202	5
12203	16
12204	7
12205	17
12206	6
12208	13
12209	7
12210	3
12211	10
12302	21
12303	12
12304	15
12306	23
12308	18
12309	29
12401	19
12404	4
12409	2
12428	2
12429	1
12440	1
12443	6
12446	6
12449	2
12458	2
12461	3
12466	1
12472	1
12477	19
12481	2
12484	1
12486	2
12487	2
12491	1
12498	6
12518	6
12520	4
12525	5
12528	6
12542	2
12543	4
12547	2
12549	9
12550	19
12553	17
12561	8
12563	3
12566	7
12575	2
12577	1
12586	7
12589	6
12729	3
12740	1
12771	13
12780	1
12801	13
12803	4
12804	30
12809	2
12814	2
12815	2
12816	2
12817	2
12822	5
12824	2
12828	3
12831	8
12832	2
12833	4
12834	4
12835	3
12836	2
12839	6
12845	6
12846	4
12850	2
12859	1
12865	3
12866	31
12870	1
12871	4
12883	6
12885	4
12887	2
12901	14
12903	2
12910	1
12912	4
12918	2
12919	2
12920	2
12921	4
12928	1
12932	1
12935	1
12937	3
12941	3
12942	1
12944	2
12946	9
12953	6
12958	1
12962	7
12972	2
12979	2
12981	2
12983	3
12986	2
12992	2
12993	1
12996	1
13021	24
13027	37
13029	5
13030	5
13031	11
13032	10
13033	3
13034	3
13035	4
13036	10
13037	8
13039	15
13040	2
13042	4
13044	1
13045	19
13053	3
13057	10
13060	3
13063	2
13066	17
13068	5
13069	18
13073	3
13074	5
13076	3
13077	8
13078	5
13080	3
13082	2
13083	1
13084	3
13088	20
13092	3
13101	3
13104	20
13108	4
13110	2
13112	2
13114	4
13116	3
13118	3
13120	1
13126	22
13131	3
13132	2
13135	4
13140	3
13142	6
13143	1
13145	3
13148	7
13152	10
13156	1
13159	4
13160	4
13164	2
13165	6
13166	4
13203	13
13204	10
13205	5
13206	9
13207	10
13208	15
13209	10
13210	5
13211	4
13212	26
13214	5
13215	11
13219	15
13224	3
13304	3
13308	1
13309	2
13316	3
13320	3
13323	10
13326	7
13332	3
13338	2
13346	6
13354	4
13363	1
13403	1
13408	3
13409	1
13411	3
13413	12
13417	1
13421	6
13424	2
13425	1
13438	2
13439	5
13440	31
13456	2
13460	2
13461	5
13471	3
13476	2
13478	4
13480	5
13490	2
13491	2
13492	8
13493	2
13495	6
13501	13
13502	16
13601	20
13605	2
13607	1
13612	7
13617	6
13618	1
13619	9
13622	5
13624	4
13634	5
13637	2
13642	6
13646	2
13650	1
13656	1
13658	2
13662	12
13667	1
13668	4
13669	16
13676	6
13679	2
13685	4
13691	1
13730	2
13732	7
13733	8
13734	3
13746	1
13748	4
13760	22
13778	3
13787	1
13790	9
13795	3
13803	1
13811	2
13812	3
13815	6
13820	12
13825	3
13827	5
13830	4
13833	3
13850	13
13862	2
13865	2
13901	10
13903	8
13904	6
13905	8
14001	7
14004	7
14005	1
14006	5
14012	2
14020	18
14025	2
14028	2
14030	3
14036	6
14040	3
14042	3
14048	10
14058	3
14062	2
14065	1
14067	6
14070	5
14080	5
14081	1
14092	7
14094	27
14098	2
14101	3
14103	6
14105	3
14108	3
14120	28
14125	5
14131	1
14132	4
14136	2
14138	2
14141	4
14143	1
14171	4
14172	1
14174	5
14201	4
14212	5
14214	13
14216	7
14218	11
14301	4
14303	3
14304	13
14305	27
14411	12
14414	5
14416	3
14420	13
14422	4
14423	2
14428	5
14435	2
14437	4
14445	14
14450	45
14454	4
14464	5
14467	13
14468	10
14470	5
14472	4
14476	3
14477	3
14481	3
14482	8
14485	2
14487	3
14506	2
14510	4
14514	3
14517	4
14521	4
14525	1
14526	19
14533	2
14534	28
14541	4
14543	3
14546	3
14559	10
14560	1
14572	3
14580	50
14586	9
14605	5
14606	17
14607	3
14608	5
14609	32
14610	9
14611	5
14612	31
14613	8
14615	13
14616	45
14617	38
14618	19
14619	15
14620	5
14621	10
14622	14
14623	14
14624	29
14625	13
14626	35
14701	22
14706	4
14710	3
14712	4
14715	3
14716	1
14718	1
14719	1
14724	3
14727	6
14733	2
14735	2
14737	5
14738	2
14739	2
14741	2
14747	2
14750	2
14755	2
14757	1
14760	19
14770	4
14775	2
14781	2
14782	1
14787	4
14801	4
14806	2
14807	1
14809	3
14812	1
14813	1
14814	4
14817	2
14826	3
14830	14
14840	3
14843	11
14845	19
14850	24
14865	3
14867	1
14870	8
14871	4
14873	6
14879	4
14880	2
14882	5
14883	4
14886	2
14891	2
14892	5
14895	4
14901	16
14903	9
14904	20
14905	17
6001	22
6002	29
6010	37
6013	6
6016	5
6018	3
6019	13
6021	3
6026	8
6027	3
6029	9
6031	2
6032	19
6033	18
6035	6
6037	17
6039	2
6040	26
6042	17
6043	7
6051	11
6052	8
6053	18
6057	6
6058	1
6060	1
6062	9
6063	5
6066	21
6067	8
6068	4
6069	8
6070	11
6071	8
6073	9
6074	12
6076	10
6078	7
6081	2
6082	37
6084	9
6085	3
6088	5
6089	4
6092	8
6093	2
6095	26
6096	9
6098	7
6105	8
6106	11
6107	17
6108	10
6109	22
6110	6
6111	19
6112	6
6114	14
6117	16
6118	16
6119	10
6120	3
6226	8
6231	4
6232	4
6234	8
6235	3
6237	5
6238	9
6239	13
6241	8
6242	1
6247	3
6248	1
6249	7
6250	4
6254	2
6255	3
6256	2
6259	7
6260	13
6268	4
6277	2
6278	2
6279	6
6280	5
6281	8
6282	5
6320	18
6330	2
6331	3
6333	6
6334	2
6335	6
6339	9
6340	22
6351	12
6354	3
6355	13
6357	16
6359	6
6360	19
6365	6
6370	7
6371	9
6374	11
6375	4
6377	7
6378	12
6379	3
6382	7
6384	3
6385	15
6401	12
6403	4
6405	21
6410	25
6412	3
6413	9
6415	15
6416	14
6417	2
6418	8
6419	6
6420	4
6422	5
6423	4
6424	9
6426	5
6437	20
6438	4
6442	2
6443	18
6447	6
6450	23
6451	12
6455	1
6457	33
6460	47
6461	14
6468	16
6469	6
6470	18
6471	5
6472	3
6473	23
6475	13
6477	10
6478	5
6479	9
6480	2
6481	3
6482	14
6483	13
6484	33
6488	25
6489	25
6492	30
6498	1
6511	14
6512	36
6513	17
6514	25
6515	9
6516	34
6517	9
6518	10
6519	1
6524	4
6525	5
6604	8
6605	6
6606	28
6607	1
6608	3
6610	12
6611	21
6612	11
6614	38
6615	15
6704	12
6705	25
6706	10
6708	18
6710	4
6712	10
6716	12
6750	2
6751	2
6752	3
6754	2
6756	7
6757	3
6759	8
6762	12
6763	1
6770	28
6776	17
6777	3
6778	2
6779	11
6782	1
6783	3
6784	4
6786	4
6787	3
6790	18
6791	11
6793	4
6794	2
6795	8
6796	1
6798	5
6801	21
6804	16
6807	6
6810	23
6811	26
6812	11
6820	19
6824	37
6825	19
6830	16
6831	19
6840	18
6850	11
6851	20
6853	5
6854	15
6855	8
6870	8
6877	17
6878	7
6880	32
6883	14
6890	3
6896	7
6897	16
6901	7
6902	38
6903	19
6905	7
6906	14
6907	7
7001	7
7002	28
7003	36
7004	7
7005	9
7006	27
7008	9
7009	19
7010	32
7011	13
7012	7
7013	20
7014	4
7016	18
7017	18
7018	17
7020	16
7021	3
7022	5
7023	5
7024	21
7026	19
7027	3
7028	9
7029	5
7030	113
7031	5
7032	15
7033	8
7034	13
7035	15
7036	30
7039	41
7040	27
7041	8
7042	16
7043	14
7044	21
7045	13
7046	7
7047	36
7050	11
7052	59
7054	12
7055	20
7057	4
7058	3
7059	14
7060	32
7062	12
7063	10
7064	4
7065	15
7066	14
7067	10
7068	7
7069	10
7070	13
7071	15
7072	7
7073	3
7075	9
7076	28
7077	3
7078	12
7079	24
7080	20
7081	12
7082	3
7083	45
7086	17
7087	52
7090	39
7092	8
7093	33
7094	12
7095	10
7102	2
7103	25
7105	12
7106	25
7107	20
7108	12
7109	22
7110	28
7111	23
7112	13
7114	3
7201	12
7202	16
7203	16
7204	13
7205	22
7206	17
7208	9
7302	62
7304	34
7305	34
7306	23
7307	28
7310	11
7401	5
7403	5
7405	9
7407	15
7410	25
7416	5
7417	6
7418	3
7419	22
7420	4
7421	8
7422	6
7423	3
7424	16
7430	34
7432	5
7435	2
7436	14
7438	9
7439	4
7440	2
7442	12
7444	5
7446	8
7450	31
7452	11
7456	9
7457	9
7458	15
7460	2
7461	16
7462	15
7463	12
7465	5
7470	31
7480	29
7481	9
7501	9
7502	7
7503	3
7504	5
7506	14
7508	16
7512	10
7513	2
7514	4
7522	4
7524	10
7601	29
7603	5
7604	8
7605	4
7606	1
7607	10
7621	18
7624	6
7626	11
7627	7
7628	14
7630	8
7631	15
7632	6
7640	6
7641	8
7642	9
7643	6
7644	14
7645	7
7646	11
7647	3
7648	8
7649	6
7650	13
7652	20
7656	9
7657	5
7660	6
7661	9
7662	8
7663	10
7666	30
7670	19
7675	24
7676	7
7677	5
7701	27
7702	3
7704	15
7711	2
7712	37
7716	10
7717	4
7718	10
7719	20
7720	6
7721	5
7722	12
7723	3
7724	19
7726	40
7727	5
7728	46
7730	16
7731	34
7732	8
7733	14
7734	14
7735	26
7737	6
7738	6
7739	11
7740	29
7746	14
7747	25
7748	20
7750	6
7751	26
7753	36
7755	5
7756	6
7757	6
7758	4
7760	13
7762	17
7764	3
7801	14
7803	6
7821	7
7823	6
7825	7
7826	10
7827	5
7828	7
7830	5
7832	5
7834	21
7836	8
7838	4
7840	19
7843	17
7847	1
7848	8
7849	14
7850	5
7852	4
7853	7
7856	9
7857	3
7860	21
7863	5
7865	1
7866	12
7869	18
7871	19
7874	9
7876	14
7882	10
7885	4
7901	18
7920	25
7921	14
7922	8
7924	9
7927	2
7928	23
7930	9
7931	4
7932	15
7933	2
7934	3
7936	10
7940	15
7945	11
7946	2
7950	9
7960	47
7974	8
7980	5
7981	5
8002	22
8003	35
8004	12
8005	39
8006	2
8007	7
8008	44
8009	8
8010	7
8012	32
8015	20
8016	27
8020	2
8021	32
8022	8
8026	2
8027	5
8028	13
8029	8
8030	13
8031	16
8033	16
8034	77
8035	8
8036	6
8037	14
8043	17
8045	2
8046	34
8048	9
8049	9
8050	26
8051	14
8052	22
8053	34
8054	46
8055	35
8056	5
8057	22
8059	7
8060	21
8061	2
8062	13
8063	5
8065	8
8066	4
8067	3
8068	4
8069	10
8070	6
8071	11
8075	29
8077	15
8078	6
8079	11
8080	36
8081	53
8083	5
8084	5
8085	21
8086	6
8087	43
8088	31
8089	4
8090	6
8091	5
8092	1
8093	6
8094	27
8096	35
8097	3
8098	7
8102	1
8103	8
8104	10
8105	13
8106	4
8107	10
8108	20
8109	14
8110	14
8201	31
8202	23
8203	23
8204	36
8205	34
8210	25
8215	12
8221	15
8223	4
8225	7
8226	74
8230	7
8232	24
8234	25
8241	3
8242	7
8243	31
8244	14
8247	8
8251	19
8260	77
8270	4
8302	41
8310	2
8311	3
8312	10
8317	1
8318	14
8319	2
8322	5
8326	4
8328	1
8330	35
8332	30
8341	2
8343	1
8344	5
8345	1
8349	5
8360	24
8361	21
8401	36
8402	30
8403	7
8406	22
8501	9
8502	6
8505	20
8510	6
8512	6
8514	4
8515	5
8518	10
8520	23
8525	3
8527	38
8530	4
8533	2
8534	17
8535	4
8536	14
8540	41
8542	6
8550	13
8551	3
8554	5
8558	8
8559	5
8560	5
8562	3
8609	5
8610	23
8611	23
8618	22
8619	19
8620	10
8628	9
8629	10
8638	25
8648	10
8690	18
8691	17
8701	81
8721	13
8722	11
8723	42
8724	60
8730	6
8731	27
8732	1
8733	2
8734	6
8735	12
8736	14
8738	7
8740	2
8741	2
8742	34
8750	10
8751	17
8752	11
8753	66
8755	31
8757	72
8758	9
8759	52
8801	10
8802	7
8804	3
8805	6
8807	43
8809	3
8810	8
8812	17
8816	36
8817	22
8820	32
8822	27
8823	9
8824	7
8825	5
8826	6
8827	3
8828	2
8829	10
8830	13
8831	61
8833	11
8835	13
8836	5
8837	13
8840	17
8844	27
8846	9
8848	8
8850	6
8852	10
8853	5
8854	37
8857	22
8859	17
8861	13
8863	10
8865	18
8867	4
8869	2
8872	14
8873	48
8876	26
8879	11
8880	10
8882	10
8884	11
8886	8
8887	4
8889	8
8901	19
8902	30
8904	8
